2.570000000000000127e-04
3.072000000000000078e-03
6.135999999999999961e-03
9.204000000000000375e-03
1.227199999999999992e-02
1.533900000000000020e-02
1.840699999999999975e-02
2.147400000000000003e-02
2.454100000000000031e-02
2.760800000000000060e-02
3.067500000000000088e-02
3.374100000000000016e-02
3.680699999999999944e-02
3.987299999999999872e-02
4.293799999999999700e-02
4.600300000000000222e-02
4.906800000000000050e-02
5.213199999999999779e-02
5.519500000000000101e-02
5.825799999999999729e-02
6.132100000000000051e-02
6.438299999999999579e-02
6.744400000000000395e-02
7.050499999999999823e-02
7.356500000000000539e-02
7.662399999999999767e-02
7.968200000000000283e-02
8.273999999999999411e-02
8.579699999999999827e-02
8.885300000000000142e-02
9.190900000000000458e-02
9.496300000000000574e-02
9.801700000000000690e-02
1.010699999999999932e-01
1.041220000000000062e-01
1.071720000000000034e-01
1.102220000000000005e-01
1.132709999999999967e-01
1.163190000000000057e-01
1.193649999999999989e-01
1.224110000000000059e-01
1.254550000000000110e-01
1.284980000000000011e-01
1.315399999999999903e-01
1.345810000000000062e-01
1.376199999999999923e-01
1.406580000000000052e-01
1.436949999999999894e-01
1.467299999999999993e-01
1.497640000000000082e-01
1.527969999999999884e-01
1.558279999999999943e-01
1.588579999999999992e-01
1.618860000000000021e-01
1.649130000000000040e-01
1.679380000000000039e-01
1.709620000000000029e-01
1.739839999999999998e-01
1.770039999999999947e-01
1.800229999999999886e-01
1.830400000000000083e-01
1.860549999999999982e-01
1.890689999999999871e-01
1.920800000000000007e-01
1.950900000000000134e-01
1.980979999999999963e-01
2.011040000000000050e-01
2.041090000000000126e-01
2.071109999999999896e-01
2.101119999999999932e-01
2.131099999999999939e-01
2.161069999999999935e-01
2.191009999999999902e-01
2.220930000000000126e-01
2.250840000000000063e-01
2.280719999999999970e-01
2.310580000000000134e-01
2.340420000000000000e-01
2.370230000000000115e-01
2.400029999999999941e-01
2.429800000000000015e-01
2.459550000000000070e-01
2.489270000000000094e-01
2.518980000000000108e-01
2.548650000000000082e-01
2.578309999999999769e-01
2.607940000000000258e-01
2.637539999999999885e-01
2.667129999999999779e-01
2.696680000000000188e-01
2.726210000000000022e-01
2.755719999999999836e-01
2.785190000000000166e-01
2.814650000000000207e-01
2.844070000000000209e-01
2.873470000000000191e-01
2.902839999999999865e-01
2.932190000000000074e-01
2.961509999999999976e-01
2.990800000000000125e-01
3.020059999999999967e-01
3.049290000000000056e-01
3.078489999999999838e-01
3.107670000000000154e-01
3.136809999999999876e-01
3.165930000000000133e-01
3.195020000000000082e-01
3.224069999999999991e-01
3.253099999999999881e-01
3.282100000000000017e-01
3.311060000000000114e-01
3.339989999999999903e-01
3.368900000000000228e-01
3.397769999999999957e-01
3.426600000000000201e-01
3.455409999999999870e-01
3.484180000000000055e-01
3.512919999999999932e-01
3.541630000000000056e-01
3.570309999999999873e-01
3.598950000000000204e-01
3.627549999999999941e-01
3.656130000000000213e-01
3.684669999999999890e-01
3.713170000000000082e-01
3.741639999999999966e-01
3.770069999999999810e-01
3.798469999999999902e-01
3.826829999999999954e-01
3.855160000000000253e-01
3.883449999999999958e-01
3.911700000000000177e-01
3.939920000000000089e-01
3.968099999999999961e-01
3.996239999999999792e-01
4.024340000000000139e-01
4.052410000000000179e-01
4.080440000000000178e-01
4.108430000000000137e-01
4.136380000000000057e-01
4.164289999999999936e-01
4.192170000000000063e-01
4.219999999999999862e-01
4.247790000000000177e-01
4.275550000000000184e-01
4.303259999999999863e-01
4.330930000000000057e-01
4.358569999999999944e-01
4.386160000000000059e-01
4.413710000000000133e-01
4.441220000000000168e-01
4.468679999999999874e-01
4.496109999999999829e-01
4.523490000000000011e-01
4.550830000000000153e-01
4.578130000000000255e-01
4.605380000000000029e-01
4.632589999999999764e-01
4.659760000000000013e-01
4.686879999999999935e-01
4.713959999999999817e-01
4.741000000000000214e-01
4.767989999999999728e-01
4.794930000000000025e-01
4.821829999999999727e-01
4.848689999999999944e-01
4.875499999999999834e-01
4.902259999999999951e-01
4.928980000000000028e-01
4.955649999999999777e-01
4.982269999999999754e-01
5.008850000000000247e-01
5.035380000000000411e-01
5.061860000000000248e-01
5.088300000000000045e-01
5.114680000000000337e-01
5.141019999999999479e-01
5.167310000000000514e-01
5.193560000000000398e-01
5.219749999999999668e-01
5.245889999999999720e-01
5.271989999999999732e-01
5.298030000000000239e-01
5.324029999999999596e-01
5.349969999999999448e-01
5.375870000000000370e-01
5.401709999999999567e-01
5.427499999999999547e-01
5.453249999999999487e-01
5.478939999999999921e-01
5.504580000000000028e-01
5.530159999999999521e-01
5.555700000000000083e-01
5.581180000000000030e-01
5.606609999999999649e-01
5.631990000000000052e-01
5.657309999999999839e-01
5.682580000000000409e-01
5.707799999999999541e-01
5.732969999999999455e-01
5.758079999999999865e-01
5.783129999999999660e-01
5.808130000000000237e-01
5.833080000000000487e-01
5.857970000000000121e-01
5.882810000000000539e-01
5.907590000000000341e-01
5.932319999999999816e-01
5.956989999999999785e-01
5.981600000000000250e-01
6.006160000000000387e-01
6.030659999999999910e-01
6.055110000000000214e-01
6.079489999999999617e-01
6.103819999999999801e-01
6.128099999999999659e-01
6.152309999999999723e-01
6.176469999999999461e-01
6.200569999999999693e-01
6.224610000000000420e-01
6.248590000000000533e-01
6.272510000000000030e-01
6.296380000000000310e-01
6.320179999999999687e-01
6.343929999999999847e-01
6.367610000000000214e-01
6.391240000000000254e-01
6.414800000000000502e-01
6.438310000000000421e-01
6.461750000000000549e-01
6.485140000000000349e-01
6.508460000000000356e-01
6.531719999999999748e-01
6.554919999999999636e-01
6.578060000000000018e-01
6.601139999999999786e-01
6.624149999999999761e-01
6.647100000000000231e-01
6.669990000000000085e-01
6.692820000000000435e-01
6.715579999999999883e-01
6.738279999999999825e-01
6.760920000000000263e-01
6.783489999999999798e-01
6.805999999999999828e-01
6.828450000000000353e-01
6.850829999999999975e-01
6.873150000000000093e-01
6.895400000000000418e-01
6.917590000000000128e-01
6.939710000000000045e-01
6.961770000000000458e-01
6.983759999999999968e-01
7.005679999999999685e-01
7.027539999999999898e-01
7.049339999999999495e-01
7.071060000000000123e-01
7.092720000000000136e-01
7.114319999999999533e-01
7.135839999999999961e-01
7.157299999999999773e-01
7.178689999999999793e-01
7.200020000000000309e-01
7.221279999999999921e-01
7.242459999999999454e-01
7.263589999999999769e-01
7.284640000000000004e-01
7.305620000000000447e-01
7.326540000000000274e-01
7.347380000000000022e-01
7.368160000000000265e-01
7.388869999999999605e-01
7.409510000000000263e-01
7.430069999999999730e-01
7.450569999999999693e-01
7.470999999999999863e-01
7.491360000000000241e-01
7.511649999999999716e-01
7.531860000000000221e-01
7.552010000000000112e-01
7.572079999999999922e-01
7.592090000000000227e-01
7.612020000000000453e-01
7.631879999999999775e-01
7.651670000000000416e-01
7.671379999999999866e-01
7.691029999999999811e-01
7.710599999999999676e-01
7.730099999999999749e-01
7.749519999999999742e-01
7.768880000000000230e-01
7.788159999999999528e-01
7.807370000000000143e-01
7.826499999999999568e-01
7.845560000000000311e-01
7.864550000000000152e-01
7.883459999999999912e-01
7.902299999999999880e-01
7.921059999999999768e-01
7.939749999999999863e-01
7.958359999999999879e-01
7.976900000000000102e-01
7.995370000000000532e-01
8.013759999999999772e-01
8.032070000000000043e-01
8.050310000000000521e-01
8.068469999999999809e-01
8.086560000000000414e-01
8.104569999999999830e-01
8.122500000000000275e-01
8.140359999999999818e-01
8.158140000000000391e-01
8.175839999999999774e-01
8.193470000000000475e-01
8.211019999999999985e-01
8.228490000000000526e-01
8.245890000000000164e-01
8.263200000000000545e-01
8.280440000000000023e-01
8.297609999999999708e-01
8.314690000000000136e-01
8.331690000000000484e-01
8.348619999999999930e-01
8.365470000000000406e-01
8.382239999999999691e-01
8.398930000000000007e-01
8.415540000000000243e-01
8.432079999999999576e-01
8.448529999999999651e-01
8.464899999999999647e-01
8.481199999999999850e-01
8.497409999999999686e-01
8.513549999999999729e-01
8.529600000000000515e-01
8.545570000000000110e-01
8.561469999999999914e-01
8.577280000000000459e-01
8.593009999999999815e-01
8.608660000000000201e-01
8.624230000000000507e-01
8.639719999999999622e-01
8.655129999999999768e-01
8.670459999999999834e-01
8.685699999999999532e-01
8.700860000000000261e-01
8.715939999999999799e-01
8.730940000000000367e-01
8.745859999999999745e-01
8.760689999999999866e-01
8.775450000000000195e-01
8.790120000000000156e-01
8.804699999999999749e-01
8.819209999999999550e-01
8.833630000000000093e-01
8.847960000000000269e-01
8.862219999999999542e-01
8.876389999999999558e-01
8.890479999999999494e-01
8.904480000000000173e-01
8.918399999999999661e-01
8.932240000000000180e-01
8.945990000000000331e-01
8.959660000000000402e-01
8.973240000000000105e-01
8.986739999999999728e-01
9.000150000000000095e-01
9.013480000000000381e-01
9.026729999999999476e-01
9.039890000000000425e-01
9.052959999999999896e-01
9.065950000000000397e-01
9.078850000000000531e-01
9.091669999999999474e-01
9.104409999999999448e-01
9.117049999999999876e-01
9.129610000000000225e-01
9.142090000000000494e-01
9.154480000000000395e-01
9.166779999999999928e-01
9.179000000000000492e-01
9.191129999999999578e-01
9.203179999999999694e-01
9.215130000000000265e-01
9.226999999999999647e-01
9.238790000000000058e-01
9.250479999999999814e-01
9.262089999999999490e-01
9.273620000000000196e-01
9.285050000000000248e-01
9.296400000000000219e-01
9.307659999999999823e-01
9.318840000000000456e-01
9.329920000000000435e-01
9.340920000000000334e-01
9.351829999999999865e-01
9.362650000000000139e-01
9.373380000000000045e-01
9.384029999999999871e-01
9.394580000000000153e-01
9.405050000000000354e-01
9.415430000000000188e-01
9.425719999999999654e-01
9.435930000000000151e-01
9.446039999999999992e-01
9.456069999999999753e-01
9.465999999999999970e-01
9.475850000000000106e-01
9.485609999999999875e-01
9.495270000000000099e-01
9.504850000000000243e-01
9.514340000000000019e-01
9.523740000000000538e-01
9.533049999999999580e-01
9.542270000000000474e-01
9.551399999999999890e-01
9.560440000000000049e-01
9.569400000000000128e-01
9.578259999999999552e-01
9.587029999999999719e-01
9.595709999999999518e-01
9.604300000000000059e-01
9.612800000000000233e-01
9.621210000000000040e-01
9.629520000000000302e-01
9.637750000000000483e-01
9.645890000000000297e-01
9.653939999999999744e-01
9.661889999999999645e-01
9.669759999999999467e-01
9.677529999999999744e-01
9.685209999999999653e-01
9.692800000000000304e-01
9.700299999999999478e-01
9.707710000000000505e-01
9.715030000000000054e-01
9.722260000000000346e-01
9.729389999999999983e-01
9.736430000000000362e-01
9.743389999999999551e-01
9.750250000000000306e-01
9.757010000000000405e-01
9.763690000000000424e-01
9.770269999999999788e-01
9.776770000000000183e-01
9.783169999999999922e-01
9.789470000000000116e-01
9.795690000000000230e-01
9.801809999999999690e-01
9.807839999999999892e-01
9.813779999999999726e-01
9.819630000000000303e-01
9.825390000000000512e-01
9.831050000000000066e-01
9.836620000000000363e-01
9.842090000000000005e-01
9.847479999999999567e-01
9.852769999999999584e-01
9.857970000000000343e-01
9.863070000000000448e-01
9.868090000000000472e-01
9.873009999999999842e-01
9.877829999999999666e-01
9.882570000000000521e-01
9.887209999999999610e-01
9.891760000000000552e-01
9.896209999999999729e-01
9.900569999999999649e-01
9.904840000000000311e-01
9.909019999999999495e-01
9.913100000000000245e-01
9.917089999999999517e-01
9.920989999999999531e-01
9.924790000000000001e-01
9.928500000000000103e-01
9.932109999999999550e-01
9.935629999999999740e-01
9.939059999999999562e-01
9.942400000000000126e-01
9.945640000000000036e-01
9.948789999999999578e-01
9.951839999999999575e-01
9.954800000000000315e-01
9.957669999999999577e-01
9.960440000000000405e-01
9.963119999999999754e-01
9.965699999999999559e-01
9.968190000000000106e-01
9.970590000000000286e-01
9.972900000000000098e-01
9.975110000000000365e-01
9.977219999999999978e-01
9.979240000000000332e-01
9.981170000000000320e-01
9.983009999999999939e-01
9.984750000000000014e-01
9.986390000000000544e-01
9.987949999999999884e-01
9.989400000000000501e-01
9.990769999999999929e-01
9.992039999999999811e-01
9.993220000000000436e-01
9.994300000000000406e-01
9.995290000000000008e-01
9.996180000000000065e-01
9.996979999999999755e-01
9.997690000000000188e-01
9.998299999999999965e-01
9.998820000000000485e-01
9.999240000000000350e-01
9.999569999999999848e-01
9.999799999999999800e-01
9.999940000000000495e-01
9.999989999999999712e-01
9.999940000000000495e-01
9.999799999999999800e-01
9.999569999999999848e-01
9.999240000000000350e-01
9.998820000000000485e-01
9.998299999999999965e-01
9.997690000000000188e-01
9.996979999999999755e-01
9.996180000000000065e-01
9.995290000000000008e-01
9.994300000000000406e-01
9.993220000000000436e-01
9.992039999999999811e-01
9.990769999999999929e-01
9.989400000000000501e-01
9.987949999999999884e-01
9.986390000000000544e-01
9.984750000000000014e-01
9.983009999999999939e-01
9.981170000000000320e-01
9.979240000000000332e-01
9.977219999999999978e-01
9.975110000000000365e-01
9.972900000000000098e-01
9.970590000000000286e-01
9.968190000000000106e-01
9.965699999999999559e-01
9.963119999999999754e-01
9.960440000000000405e-01
9.957669999999999577e-01
9.954800000000000315e-01
9.951839999999999575e-01
9.948789999999999578e-01
9.945640000000000036e-01
9.942400000000000126e-01
9.939059999999999562e-01
9.935629999999999740e-01
9.932109999999999550e-01
9.928500000000000103e-01
9.924790000000000001e-01
9.920989999999999531e-01
9.917089999999999517e-01
9.913100000000000245e-01
9.909019999999999495e-01
9.904840000000000311e-01
9.900569999999999649e-01
9.896209999999999729e-01
9.891760000000000552e-01
9.887209999999999610e-01
9.882570000000000521e-01
9.877829999999999666e-01
9.873009999999999842e-01
9.868090000000000472e-01
9.863070000000000448e-01
9.857970000000000343e-01
9.852769999999999584e-01
9.847479999999999567e-01
9.842090000000000005e-01
9.836620000000000363e-01
9.831050000000000066e-01
9.825390000000000512e-01
9.819630000000000303e-01
9.813779999999999726e-01
9.807839999999999892e-01
9.801809999999999690e-01
9.795690000000000230e-01
9.789470000000000116e-01
9.783169999999999922e-01
9.776770000000000183e-01
9.770269999999999788e-01
9.763690000000000424e-01
9.757010000000000405e-01
9.750250000000000306e-01
9.743389999999999551e-01
9.736430000000000362e-01
9.729389999999999983e-01
9.722260000000000346e-01
9.715030000000000054e-01
9.707710000000000505e-01
9.700299999999999478e-01
9.692800000000000304e-01
9.685209999999999653e-01
9.677529999999999744e-01
9.669759999999999467e-01
9.661889999999999645e-01
9.653939999999999744e-01
9.645890000000000297e-01
9.637750000000000483e-01
9.629520000000000302e-01
9.621210000000000040e-01
9.612800000000000233e-01
9.604300000000000059e-01
9.595709999999999518e-01
9.587029999999999719e-01
9.578259999999999552e-01
9.569400000000000128e-01
9.560440000000000049e-01
9.551399999999999890e-01
9.542270000000000474e-01
9.533049999999999580e-01
9.523740000000000538e-01
9.514340000000000019e-01
9.504850000000000243e-01
9.495270000000000099e-01
9.485609999999999875e-01
9.475850000000000106e-01
9.465999999999999970e-01
9.456069999999999753e-01
9.446039999999999992e-01
9.435930000000000151e-01
9.425719999999999654e-01
9.415430000000000188e-01
9.405050000000000354e-01
9.394580000000000153e-01
9.384029999999999871e-01
9.373380000000000045e-01
9.362650000000000139e-01
9.351829999999999865e-01
9.340920000000000334e-01
9.329920000000000435e-01
9.318840000000000456e-01
9.307659999999999823e-01
9.296400000000000219e-01
9.285050000000000248e-01
9.273620000000000196e-01
9.262089999999999490e-01
9.250479999999999814e-01
9.238790000000000058e-01
9.226999999999999647e-01
9.215130000000000265e-01
9.203179999999999694e-01
9.191129999999999578e-01
9.179000000000000492e-01
9.166779999999999928e-01
9.154480000000000395e-01
9.142090000000000494e-01
9.129610000000000225e-01
9.117049999999999876e-01
9.104409999999999448e-01
9.091669999999999474e-01
9.078850000000000531e-01
9.065950000000000397e-01
9.052959999999999896e-01
9.039890000000000425e-01
9.026729999999999476e-01
9.013480000000000381e-01
9.000150000000000095e-01
8.986739999999999728e-01
8.973240000000000105e-01
8.959660000000000402e-01
8.945990000000000331e-01
8.932240000000000180e-01
8.918399999999999661e-01
8.904480000000000173e-01
8.890479999999999494e-01
8.876389999999999558e-01
8.862219999999999542e-01
8.847960000000000269e-01
8.833630000000000093e-01
8.819209999999999550e-01
8.804699999999999749e-01
8.790120000000000156e-01
8.775450000000000195e-01
8.760689999999999866e-01
8.745859999999999745e-01
8.730940000000000367e-01
8.715939999999999799e-01
8.700860000000000261e-01
8.685699999999999532e-01
8.670459999999999834e-01
8.655129999999999768e-01
8.639719999999999622e-01
8.624230000000000507e-01
8.608660000000000201e-01
8.593009999999999815e-01
8.577280000000000459e-01
8.561469999999999914e-01
8.545570000000000110e-01
8.529600000000000515e-01
8.513549999999999729e-01
8.497409999999999686e-01
8.481199999999999850e-01
8.464899999999999647e-01
8.448529999999999651e-01
8.432079999999999576e-01
8.415540000000000243e-01
8.398930000000000007e-01
8.382239999999999691e-01
8.365470000000000406e-01
8.348619999999999930e-01
8.331690000000000484e-01
8.314690000000000136e-01
8.297609999999999708e-01
8.280440000000000023e-01
8.263200000000000545e-01
8.245890000000000164e-01
8.228490000000000526e-01
8.211019999999999985e-01
8.193470000000000475e-01
8.175839999999999774e-01
8.158140000000000391e-01
8.140359999999999818e-01
8.122500000000000275e-01
8.104569999999999830e-01
8.086560000000000414e-01
8.068469999999999809e-01
8.050310000000000521e-01
8.032070000000000043e-01
8.013759999999999772e-01
7.995370000000000532e-01
7.976900000000000102e-01
7.958359999999999879e-01
7.939749999999999863e-01
7.921059999999999768e-01
7.902299999999999880e-01
7.883459999999999912e-01
7.864550000000000152e-01
7.845560000000000311e-01
7.826499999999999568e-01
7.807370000000000143e-01
7.788159999999999528e-01
7.768880000000000230e-01
7.749519999999999742e-01
7.730099999999999749e-01
7.710599999999999676e-01
7.691029999999999811e-01
7.671379999999999866e-01
7.651670000000000416e-01
7.631879999999999775e-01
7.612020000000000453e-01
7.592090000000000227e-01
7.572079999999999922e-01
7.552010000000000112e-01
7.531860000000000221e-01
7.511649999999999716e-01
7.491360000000000241e-01
7.470999999999999863e-01
7.450569999999999693e-01
7.430069999999999730e-01
7.409510000000000263e-01
7.388869999999999605e-01
7.368160000000000265e-01
7.347380000000000022e-01
7.326540000000000274e-01
7.305620000000000447e-01
7.284640000000000004e-01
7.263589999999999769e-01
7.242459999999999454e-01
7.221279999999999921e-01
7.200020000000000309e-01
7.178689999999999793e-01
7.157299999999999773e-01
7.135839999999999961e-01
7.114319999999999533e-01
7.092720000000000136e-01
7.071060000000000123e-01
7.049339999999999495e-01
7.027539999999999898e-01
7.005679999999999685e-01
6.983759999999999968e-01
6.961770000000000458e-01
6.939710000000000045e-01
6.917590000000000128e-01
6.895400000000000418e-01
6.873150000000000093e-01
6.850829999999999975e-01
6.828450000000000353e-01
6.805999999999999828e-01
6.783489999999999798e-01
6.760920000000000263e-01
6.738279999999999825e-01
6.715579999999999883e-01
6.692820000000000435e-01
6.669990000000000085e-01
6.647100000000000231e-01
6.624149999999999761e-01
6.601139999999999786e-01
6.578060000000000018e-01
6.554919999999999636e-01
6.531719999999999748e-01
6.508460000000000356e-01
6.485140000000000349e-01
6.461750000000000549e-01
6.438310000000000421e-01
6.414800000000000502e-01
6.391240000000000254e-01
6.367610000000000214e-01
6.343929999999999847e-01
6.320179999999999687e-01
6.296380000000000310e-01
6.272510000000000030e-01
6.248590000000000533e-01
6.224610000000000420e-01
6.200569999999999693e-01
6.176469999999999461e-01
6.152309999999999723e-01
6.128099999999999659e-01
6.103819999999999801e-01
6.079489999999999617e-01
6.055110000000000214e-01
6.030659999999999910e-01
6.006160000000000387e-01
5.981600000000000250e-01
5.956989999999999785e-01
5.932319999999999816e-01
5.907590000000000341e-01
5.882810000000000539e-01
5.857970000000000121e-01
5.833080000000000487e-01
5.808130000000000237e-01
5.783129999999999660e-01
5.758079999999999865e-01
5.732969999999999455e-01
5.707799999999999541e-01
5.682580000000000409e-01
5.657309999999999839e-01
5.631990000000000052e-01
5.606609999999999649e-01
5.581180000000000030e-01
5.555700000000000083e-01
5.530159999999999521e-01
5.504580000000000028e-01
5.478939999999999921e-01
5.453249999999999487e-01
5.427499999999999547e-01
5.401709999999999567e-01
5.375870000000000370e-01
5.349969999999999448e-01
5.324029999999999596e-01
5.298030000000000239e-01
5.271989999999999732e-01
5.245889999999999720e-01
5.219749999999999668e-01
5.193560000000000398e-01
5.167310000000000514e-01
5.141019999999999479e-01
5.114680000000000337e-01
5.088300000000000045e-01
5.061860000000000248e-01
5.035380000000000411e-01
5.008850000000000247e-01
4.982269999999999754e-01
4.955649999999999777e-01
4.928980000000000028e-01
4.902259999999999951e-01
4.875499999999999834e-01
4.848689999999999944e-01
4.821829999999999727e-01
4.794930000000000025e-01
4.767989999999999728e-01
4.741000000000000214e-01
4.713959999999999817e-01
4.686879999999999935e-01
4.659760000000000013e-01
4.632589999999999764e-01
4.605380000000000029e-01
4.578130000000000255e-01
4.550830000000000153e-01
4.523490000000000011e-01
4.496109999999999829e-01
4.468679999999999874e-01
4.441220000000000168e-01
4.413710000000000133e-01
4.386160000000000059e-01
4.358569999999999944e-01
4.330930000000000057e-01
4.303259999999999863e-01
4.275550000000000184e-01
4.247790000000000177e-01
4.219999999999999862e-01
4.192170000000000063e-01
4.164289999999999936e-01
4.136380000000000057e-01
4.108430000000000137e-01
4.080440000000000178e-01
4.052410000000000179e-01
4.024340000000000139e-01
3.996239999999999792e-01
3.968099999999999961e-01
3.939920000000000089e-01
3.911700000000000177e-01
3.883449999999999958e-01
3.855160000000000253e-01
3.826829999999999954e-01
3.798469999999999902e-01
3.770069999999999810e-01
3.741639999999999966e-01
3.713170000000000082e-01
3.684669999999999890e-01
3.656130000000000213e-01
3.627549999999999941e-01
3.598950000000000204e-01
3.570309999999999873e-01
3.541630000000000056e-01
3.512919999999999932e-01
3.484180000000000055e-01
3.455409999999999870e-01
3.426600000000000201e-01
3.397769999999999957e-01
3.368900000000000228e-01
3.339989999999999903e-01
3.311060000000000114e-01
3.282100000000000017e-01
3.253099999999999881e-01
3.224069999999999991e-01
3.195020000000000082e-01
3.165930000000000133e-01
3.136809999999999876e-01
3.107670000000000154e-01
3.078489999999999838e-01
3.049290000000000056e-01
3.020059999999999967e-01
2.990800000000000125e-01
2.961509999999999976e-01
2.932190000000000074e-01
2.902839999999999865e-01
2.873470000000000191e-01
2.844070000000000209e-01
2.814650000000000207e-01
2.785190000000000166e-01
2.755719999999999836e-01
2.726210000000000022e-01
2.696680000000000188e-01
2.667129999999999779e-01
2.637539999999999885e-01
2.607940000000000258e-01
2.578309999999999769e-01
2.548650000000000082e-01
2.518980000000000108e-01
2.489270000000000094e-01
2.459550000000000070e-01
2.429800000000000015e-01
2.400029999999999941e-01
2.370230000000000115e-01
2.340420000000000000e-01
2.310580000000000134e-01
2.280719999999999970e-01
2.250840000000000063e-01
2.220930000000000126e-01
2.191009999999999902e-01
2.161069999999999935e-01
2.131099999999999939e-01
2.101119999999999932e-01
2.071109999999999896e-01
2.041090000000000126e-01
2.011040000000000050e-01
1.980979999999999963e-01
1.950900000000000134e-01
1.920800000000000007e-01
1.890689999999999871e-01
1.860549999999999982e-01
1.830400000000000083e-01
1.800229999999999886e-01
1.770039999999999947e-01
1.739839999999999998e-01
1.709620000000000029e-01
1.679380000000000039e-01
1.649130000000000040e-01
1.618860000000000021e-01
1.588579999999999992e-01
1.558279999999999943e-01
1.527969999999999884e-01
1.497640000000000082e-01
1.467299999999999993e-01
1.436949999999999894e-01
1.406580000000000052e-01
1.376199999999999923e-01
1.345810000000000062e-01
1.315399999999999903e-01
1.284980000000000011e-01
1.254550000000000110e-01
1.224110000000000059e-01
1.193649999999999989e-01
1.163190000000000057e-01
1.132709999999999967e-01
1.102220000000000005e-01
1.071720000000000034e-01
1.041220000000000062e-01
1.010699999999999932e-01
9.801700000000000690e-02
9.496300000000000574e-02
9.190900000000000458e-02
8.885300000000000142e-02
8.579699999999999827e-02
8.273999999999999411e-02
7.968200000000000283e-02
7.662399999999999767e-02
7.356500000000000539e-02
7.050499999999999823e-02
6.744400000000000395e-02
6.438299999999999579e-02
6.132100000000000051e-02
5.825799999999999729e-02
5.519500000000000101e-02
5.213199999999999779e-02
4.906800000000000050e-02
4.600300000000000222e-02
4.293799999999999700e-02
3.987299999999999872e-02
3.680699999999999944e-02
3.374100000000000016e-02
3.067500000000000088e-02
2.760800000000000060e-02
2.454100000000000031e-02
2.147400000000000003e-02
1.840699999999999975e-02
1.533900000000000020e-02
1.227199999999999992e-02
9.204000000000000375e-03
6.135999999999999961e-03
3.067999999999999981e-03
0.000000000000000000e+00
-3.067999999999999981e-03
-6.135999999999999961e-03
-9.204000000000000375e-03
-1.227199999999999992e-02
-1.533900000000000020e-02
-1.840699999999999975e-02
-2.147400000000000003e-02
-2.454100000000000031e-02
-2.760800000000000060e-02
-3.067500000000000088e-02
-3.374100000000000016e-02
-3.680699999999999944e-02
-3.987299999999999872e-02
-4.293799999999999700e-02
-4.600300000000000222e-02
-4.906800000000000050e-02
-5.213199999999999779e-02
-5.519500000000000101e-02
-5.825799999999999729e-02
-6.132100000000000051e-02
-6.438299999999999579e-02
-6.744400000000000395e-02
-7.050499999999999823e-02
-7.356500000000000539e-02
-7.662399999999999767e-02
-7.968200000000000283e-02
-8.273999999999999411e-02
-8.579699999999999827e-02
-8.885300000000000142e-02
-9.190900000000000458e-02
-9.496300000000000574e-02
-9.801700000000000690e-02
-1.010699999999999932e-01
-1.041220000000000062e-01
-1.071720000000000034e-01
-1.102220000000000005e-01
-1.132709999999999967e-01
-1.163190000000000057e-01
-1.193649999999999989e-01
-1.224110000000000059e-01
-1.254550000000000110e-01
-1.284980000000000011e-01
-1.315399999999999903e-01
-1.345810000000000062e-01
-1.376199999999999923e-01
-1.406580000000000052e-01
-1.436949999999999894e-01
-1.467299999999999993e-01
-1.497640000000000082e-01
-1.527969999999999884e-01
-1.558279999999999943e-01
-1.588579999999999992e-01
-1.618860000000000021e-01
-1.649130000000000040e-01
-1.679380000000000039e-01
-1.709620000000000029e-01
-1.739839999999999998e-01
-1.770039999999999947e-01
-1.800229999999999886e-01
-1.830400000000000083e-01
-1.860549999999999982e-01
-1.890689999999999871e-01
-1.920800000000000007e-01
-1.950900000000000134e-01
-1.980979999999999963e-01
-2.011040000000000050e-01
-2.041090000000000126e-01
-2.071109999999999896e-01
-2.101119999999999932e-01
-2.131099999999999939e-01
-2.161069999999999935e-01
-2.191009999999999902e-01
-2.220930000000000126e-01
-2.250840000000000063e-01
-2.280719999999999970e-01
-2.310580000000000134e-01
-2.340420000000000000e-01
-2.370230000000000115e-01
-2.400029999999999941e-01
-2.429800000000000015e-01
-2.459550000000000070e-01
-2.489270000000000094e-01
-2.518980000000000108e-01
-2.548650000000000082e-01
-2.578309999999999769e-01
-2.607940000000000258e-01
-2.637539999999999885e-01
-2.667129999999999779e-01
-2.696680000000000188e-01
-2.726210000000000022e-01
-2.755719999999999836e-01
-2.785190000000000166e-01
-2.814650000000000207e-01
-2.844070000000000209e-01
-2.873470000000000191e-01
-2.902839999999999865e-01
-2.932190000000000074e-01
-2.961509999999999976e-01
-2.990800000000000125e-01
-3.020059999999999967e-01
-3.049290000000000056e-01
-3.078489999999999838e-01
-3.107670000000000154e-01
-3.136809999999999876e-01
-3.165930000000000133e-01
-3.195020000000000082e-01
-3.224069999999999991e-01
-3.253099999999999881e-01
-3.282100000000000017e-01
-3.311060000000000114e-01
-3.339989999999999903e-01
-3.368900000000000228e-01
-3.397769999999999957e-01
-3.426600000000000201e-01
-3.455409999999999870e-01
-3.484180000000000055e-01
-3.512919999999999932e-01
-3.541630000000000056e-01
-3.570309999999999873e-01
-3.598950000000000204e-01
-3.627549999999999941e-01
-3.656130000000000213e-01
-3.684669999999999890e-01
-3.713170000000000082e-01
-3.741639999999999966e-01
-3.770069999999999810e-01
-3.798469999999999902e-01
-3.826829999999999954e-01
-3.855160000000000253e-01
-3.883449999999999958e-01
-3.911700000000000177e-01
-3.939920000000000089e-01
-3.968099999999999961e-01
-3.996239999999999792e-01
-4.024340000000000139e-01
-4.052410000000000179e-01
-4.080440000000000178e-01
-4.108430000000000137e-01
-4.136380000000000057e-01
-4.164289999999999936e-01
-4.192170000000000063e-01
-4.219999999999999862e-01
-4.247790000000000177e-01
-4.275550000000000184e-01
-4.303259999999999863e-01
-4.330930000000000057e-01
-4.358569999999999944e-01
-4.386160000000000059e-01
-4.413710000000000133e-01
-4.441220000000000168e-01
-4.468679999999999874e-01
-4.496109999999999829e-01
-4.523490000000000011e-01
-4.550830000000000153e-01
-4.578130000000000255e-01
-4.605380000000000029e-01
-4.632589999999999764e-01
-4.659760000000000013e-01
-4.686879999999999935e-01
-4.713959999999999817e-01
-4.741000000000000214e-01
-4.767989999999999728e-01
-4.794930000000000025e-01
-4.821829999999999727e-01
-4.848689999999999944e-01
-4.875499999999999834e-01
-4.902259999999999951e-01
-4.928980000000000028e-01
-4.955649999999999777e-01
-4.982269999999999754e-01
-5.008850000000000247e-01
-5.035380000000000411e-01
-5.061860000000000248e-01
-5.088300000000000045e-01
-5.114680000000000337e-01
-5.141019999999999479e-01
-5.167310000000000514e-01
-5.193560000000000398e-01
-5.219749999999999668e-01
-5.245889999999999720e-01
-5.271989999999999732e-01
-5.298030000000000239e-01
-5.324029999999999596e-01
-5.349969999999999448e-01
-5.375870000000000370e-01
-5.401709999999999567e-01
-5.427499999999999547e-01
-5.453249999999999487e-01
-5.478939999999999921e-01
-5.504580000000000028e-01
-5.530159999999999521e-01
-5.555700000000000083e-01
-5.581180000000000030e-01
-5.606609999999999649e-01
-5.631990000000000052e-01
-5.657309999999999839e-01
-5.682580000000000409e-01
-5.707799999999999541e-01
-5.732969999999999455e-01
-5.758079999999999865e-01
-5.783129999999999660e-01
-5.808130000000000237e-01
-5.833080000000000487e-01
-5.857970000000000121e-01
-5.882810000000000539e-01
-5.907590000000000341e-01
-5.932319999999999816e-01
-5.956989999999999785e-01
-5.981600000000000250e-01
-6.006160000000000387e-01
-6.030659999999999910e-01
-6.055110000000000214e-01
-6.079489999999999617e-01
-6.103819999999999801e-01
-6.128099999999999659e-01
-6.152309999999999723e-01
-6.176469999999999461e-01
-6.200569999999999693e-01
-6.224610000000000420e-01
-6.248590000000000533e-01
-6.272510000000000030e-01
-6.296380000000000310e-01
-6.320179999999999687e-01
-6.343929999999999847e-01
-6.367610000000000214e-01
-6.391240000000000254e-01
-6.414800000000000502e-01
-6.438310000000000421e-01
-6.461750000000000549e-01
-6.485140000000000349e-01
-6.508460000000000356e-01
-6.531719999999999748e-01
-6.554919999999999636e-01
-6.578060000000000018e-01
-6.601139999999999786e-01
-6.624149999999999761e-01
-6.647100000000000231e-01
-6.669990000000000085e-01
-6.692820000000000435e-01
-6.715579999999999883e-01
-6.738279999999999825e-01
-6.760920000000000263e-01
-6.783489999999999798e-01
-6.805999999999999828e-01
-6.828450000000000353e-01
-6.850829999999999975e-01
-6.873150000000000093e-01
-6.895400000000000418e-01
-6.917590000000000128e-01
-6.939710000000000045e-01
-6.961770000000000458e-01
-6.983759999999999968e-01
-7.005679999999999685e-01
-7.027539999999999898e-01
-7.049339999999999495e-01
-7.071060000000000123e-01
-7.092720000000000136e-01
-7.114319999999999533e-01
-7.135839999999999961e-01
-7.157299999999999773e-01
-7.178689999999999793e-01
-7.200020000000000309e-01
-7.221279999999999921e-01
-7.242459999999999454e-01
-7.263589999999999769e-01
-7.284640000000000004e-01
-7.305620000000000447e-01
-7.326540000000000274e-01
-7.347380000000000022e-01
-7.368160000000000265e-01
-7.388869999999999605e-01
-7.409510000000000263e-01
-7.430069999999999730e-01
-7.450569999999999693e-01
-7.470999999999999863e-01
-7.491360000000000241e-01
-7.511649999999999716e-01
-7.531860000000000221e-01
-7.552010000000000112e-01
-7.572079999999999922e-01
-7.592090000000000227e-01
-7.612020000000000453e-01
-7.631879999999999775e-01
-7.651670000000000416e-01
-7.671379999999999866e-01
-7.691029999999999811e-01
-7.710599999999999676e-01
-7.730099999999999749e-01
-7.749519999999999742e-01
-7.768880000000000230e-01
-7.788159999999999528e-01
-7.807370000000000143e-01
-7.826499999999999568e-01
-7.845560000000000311e-01
-7.864550000000000152e-01
-7.883459999999999912e-01
-7.902299999999999880e-01
-7.921059999999999768e-01
-7.939749999999999863e-01
-7.958359999999999879e-01
-7.976900000000000102e-01
-7.995370000000000532e-01
-8.013759999999999772e-01
-8.032070000000000043e-01
-8.050310000000000521e-01
-8.068469999999999809e-01
-8.086560000000000414e-01
-8.104569999999999830e-01
-8.122500000000000275e-01
-8.140359999999999818e-01
-8.158140000000000391e-01
-8.175839999999999774e-01
-8.193470000000000475e-01
-8.211019999999999985e-01
-8.228490000000000526e-01
-8.245890000000000164e-01
-8.263200000000000545e-01
-8.280440000000000023e-01
-8.297609999999999708e-01
-8.314690000000000136e-01
-8.331690000000000484e-01
-8.348619999999999930e-01
-8.365470000000000406e-01
-8.382239999999999691e-01
-8.398930000000000007e-01
-8.415540000000000243e-01
-8.432079999999999576e-01
-8.448529999999999651e-01
-8.464899999999999647e-01
-8.481199999999999850e-01
-8.497409999999999686e-01
-8.513549999999999729e-01
-8.529600000000000515e-01
-8.545570000000000110e-01
-8.561469999999999914e-01
-8.577280000000000459e-01
-8.593009999999999815e-01
-8.608660000000000201e-01
-8.624230000000000507e-01
-8.639719999999999622e-01
-8.655129999999999768e-01
-8.670459999999999834e-01
-8.685699999999999532e-01
-8.700860000000000261e-01
-8.715939999999999799e-01
-8.730940000000000367e-01
-8.745859999999999745e-01
-8.760689999999999866e-01
-8.775450000000000195e-01
-8.790120000000000156e-01
-8.804699999999999749e-01
-8.819209999999999550e-01
-8.833630000000000093e-01
-8.847960000000000269e-01
-8.862219999999999542e-01
-8.876389999999999558e-01
-8.890479999999999494e-01
-8.904480000000000173e-01
-8.918399999999999661e-01
-8.932240000000000180e-01
-8.945990000000000331e-01
-8.959660000000000402e-01
-8.973240000000000105e-01
-8.986739999999999728e-01
-9.000150000000000095e-01
-9.013480000000000381e-01
-9.026729999999999476e-01
-9.039890000000000425e-01
-9.052959999999999896e-01
-9.065950000000000397e-01
-9.078850000000000531e-01
-9.091669999999999474e-01
-9.104409999999999448e-01
-9.117049999999999876e-01
-9.129610000000000225e-01
-9.142090000000000494e-01
-9.154480000000000395e-01
-9.166779999999999928e-01
-9.179000000000000492e-01
-9.191129999999999578e-01
-9.203179999999999694e-01
-9.215130000000000265e-01
-9.226999999999999647e-01
-9.238790000000000058e-01
-9.250479999999999814e-01
-9.262089999999999490e-01
-9.273620000000000196e-01
-9.285050000000000248e-01
-9.296400000000000219e-01
-9.307659999999999823e-01
-9.318840000000000456e-01
-9.329920000000000435e-01
-9.340920000000000334e-01
-9.351829999999999865e-01
-9.362650000000000139e-01
-9.373380000000000045e-01
-9.384029999999999871e-01
-9.394580000000000153e-01
-9.405050000000000354e-01
-9.415430000000000188e-01
-9.425719999999999654e-01
-9.435930000000000151e-01
-9.446039999999999992e-01
-9.456069999999999753e-01
-9.465999999999999970e-01
-9.475850000000000106e-01
-9.485609999999999875e-01
-9.495270000000000099e-01
-9.504850000000000243e-01
-9.514340000000000019e-01
-9.523740000000000538e-01
-9.533049999999999580e-01
-9.542270000000000474e-01
-9.551399999999999890e-01
-9.560440000000000049e-01
-9.569400000000000128e-01
-9.578259999999999552e-01
-9.587029999999999719e-01
-9.595709999999999518e-01
-9.604300000000000059e-01
-9.612800000000000233e-01
-9.621210000000000040e-01
-9.629520000000000302e-01
-9.637750000000000483e-01
-9.645890000000000297e-01
-9.653939999999999744e-01
-9.661889999999999645e-01
-9.669759999999999467e-01
-9.677529999999999744e-01
-9.685209999999999653e-01
-9.692800000000000304e-01
-9.700299999999999478e-01
-9.707710000000000505e-01
-9.715030000000000054e-01
-9.722260000000000346e-01
-9.729389999999999983e-01
-9.736430000000000362e-01
-9.743389999999999551e-01
-9.750250000000000306e-01
-9.757010000000000405e-01
-9.763690000000000424e-01
-9.770269999999999788e-01
-9.776770000000000183e-01
-9.783169999999999922e-01
-9.789470000000000116e-01
-9.795690000000000230e-01
-9.801809999999999690e-01
-9.807839999999999892e-01
-9.813779999999999726e-01
-9.819630000000000303e-01
-9.825390000000000512e-01
-9.831050000000000066e-01
-9.836620000000000363e-01
-9.842090000000000005e-01
-9.847479999999999567e-01
-9.852769999999999584e-01
-9.857970000000000343e-01
-9.863070000000000448e-01
-9.868090000000000472e-01
-9.873009999999999842e-01
-9.877829999999999666e-01
-9.882570000000000521e-01
-9.887209999999999610e-01
-9.891760000000000552e-01
-9.896209999999999729e-01
-9.900569999999999649e-01
-9.904840000000000311e-01
-9.909019999999999495e-01
-9.913100000000000245e-01
-9.917089999999999517e-01
-9.920989999999999531e-01
-9.924790000000000001e-01
-9.928500000000000103e-01
-9.932109999999999550e-01
-9.935629999999999740e-01
-9.939059999999999562e-01
-9.942400000000000126e-01
-9.945640000000000036e-01
-9.948789999999999578e-01
-9.951839999999999575e-01
-9.954800000000000315e-01
-9.957669999999999577e-01
-9.960440000000000405e-01
-9.963119999999999754e-01
-9.965699999999999559e-01
-9.968190000000000106e-01
-9.970590000000000286e-01
-9.972900000000000098e-01
-9.975110000000000365e-01
-9.977219999999999978e-01
-9.979240000000000332e-01
-9.981170000000000320e-01
-9.983009999999999939e-01
-9.984750000000000014e-01
-9.986390000000000544e-01
-9.987949999999999884e-01
-9.989400000000000501e-01
-9.990769999999999929e-01
-9.992039999999999811e-01
-9.993220000000000436e-01
-9.994300000000000406e-01
-9.995290000000000008e-01
-9.996180000000000065e-01
-9.996979999999999755e-01
-9.997690000000000188e-01
-9.998299999999999965e-01
-9.998820000000000485e-01
-9.999240000000000350e-01
-9.999569999999999848e-01
-9.999799999999999800e-01
-9.999940000000000495e-01
-9.999989999999999712e-01
-9.999940000000000495e-01
-9.999799999999999800e-01
-9.999569999999999848e-01
-9.999240000000000350e-01
-9.998820000000000485e-01
-9.998299999999999965e-01
-9.997690000000000188e-01
-9.996979999999999755e-01
-9.996180000000000065e-01
-9.995290000000000008e-01
-9.994300000000000406e-01
-9.993220000000000436e-01
-9.992039999999999811e-01
-9.990769999999999929e-01
-9.989400000000000501e-01
-9.987949999999999884e-01
-9.986390000000000544e-01
-9.984750000000000014e-01
-9.983009999999999939e-01
-9.981170000000000320e-01
-9.979240000000000332e-01
-9.977219999999999978e-01
-9.975110000000000365e-01
-9.972900000000000098e-01
-9.970590000000000286e-01
-9.968190000000000106e-01
-9.965699999999999559e-01
-9.963119999999999754e-01
-9.960440000000000405e-01
-9.957669999999999577e-01
-9.954800000000000315e-01
-9.951839999999999575e-01
-9.948789999999999578e-01
-9.945640000000000036e-01
-9.942400000000000126e-01
-9.939059999999999562e-01
-9.935629999999999740e-01
-9.932109999999999550e-01
-9.928500000000000103e-01
-9.924790000000000001e-01
-9.920989999999999531e-01
-9.917089999999999517e-01
-9.913100000000000245e-01
-9.909019999999999495e-01
-9.904840000000000311e-01
-9.900569999999999649e-01
-9.896209999999999729e-01
-9.891760000000000552e-01
-9.887209999999999610e-01
-9.882570000000000521e-01
-9.877829999999999666e-01
-9.873009999999999842e-01
-9.868090000000000472e-01
-9.863070000000000448e-01
-9.857970000000000343e-01
-9.852769999999999584e-01
-9.847479999999999567e-01
-9.842090000000000005e-01
-9.836620000000000363e-01
-9.831050000000000066e-01
-9.825390000000000512e-01
-9.819630000000000303e-01
-9.813779999999999726e-01
-9.807839999999999892e-01
-9.801809999999999690e-01
-9.795690000000000230e-01
-9.789470000000000116e-01
-9.783169999999999922e-01
-9.776770000000000183e-01
-9.770269999999999788e-01
-9.763690000000000424e-01
-9.757010000000000405e-01
-9.750250000000000306e-01
-9.743389999999999551e-01
-9.736430000000000362e-01
-9.729389999999999983e-01
-9.722260000000000346e-01
-9.715030000000000054e-01
-9.707710000000000505e-01
-9.700299999999999478e-01
-9.692800000000000304e-01
-9.685209999999999653e-01
-9.677529999999999744e-01
-9.669759999999999467e-01
-9.661889999999999645e-01
-9.653939999999999744e-01
-9.645890000000000297e-01
-9.637750000000000483e-01
-9.629520000000000302e-01
-9.621210000000000040e-01
-9.612800000000000233e-01
-9.604300000000000059e-01
-9.595709999999999518e-01
-9.587029999999999719e-01
-9.578259999999999552e-01
-9.569400000000000128e-01
-9.560440000000000049e-01
-9.551399999999999890e-01
-9.542270000000000474e-01
-9.533049999999999580e-01
-9.523740000000000538e-01
-9.514340000000000019e-01
-9.504850000000000243e-01
-9.495270000000000099e-01
-9.485609999999999875e-01
-9.475850000000000106e-01
-9.465999999999999970e-01
-9.456069999999999753e-01
-9.446039999999999992e-01
-9.435930000000000151e-01
-9.425719999999999654e-01
-9.415430000000000188e-01
-9.405050000000000354e-01
-9.394580000000000153e-01
-9.384029999999999871e-01
-9.373380000000000045e-01
-9.362650000000000139e-01
-9.351829999999999865e-01
-9.340920000000000334e-01
-9.329920000000000435e-01
-9.318840000000000456e-01
-9.307659999999999823e-01
-9.296400000000000219e-01
-9.285050000000000248e-01
-9.273620000000000196e-01
-9.262089999999999490e-01
-9.250479999999999814e-01
-9.238790000000000058e-01
-9.226999999999999647e-01
-9.215130000000000265e-01
-9.203179999999999694e-01
-9.191129999999999578e-01
-9.179000000000000492e-01
-9.166779999999999928e-01
-9.154480000000000395e-01
-9.142090000000000494e-01
-9.129610000000000225e-01
-9.117049999999999876e-01
-9.104409999999999448e-01
-9.091669999999999474e-01
-9.078850000000000531e-01
-9.065950000000000397e-01
-9.052959999999999896e-01
-9.039890000000000425e-01
-9.026729999999999476e-01
-9.013480000000000381e-01
-9.000150000000000095e-01
-8.986739999999999728e-01
-8.973240000000000105e-01
-8.959660000000000402e-01
-8.945990000000000331e-01
-8.932240000000000180e-01
-8.918399999999999661e-01
-8.904480000000000173e-01
-8.890479999999999494e-01
-8.876389999999999558e-01
-8.862219999999999542e-01
-8.847960000000000269e-01
-8.833630000000000093e-01
-8.819209999999999550e-01
-8.804699999999999749e-01
-8.790120000000000156e-01
-8.775450000000000195e-01
-8.760689999999999866e-01
-8.745859999999999745e-01
-8.730940000000000367e-01
-8.715939999999999799e-01
-8.700860000000000261e-01
-8.685699999999999532e-01
-8.670459999999999834e-01
-8.655129999999999768e-01
-8.639719999999999622e-01
-8.624230000000000507e-01
-8.608660000000000201e-01
-8.593009999999999815e-01
-8.577280000000000459e-01
-8.561469999999999914e-01
-8.545570000000000110e-01
-8.529600000000000515e-01
-8.513549999999999729e-01
-8.497409999999999686e-01
-8.481199999999999850e-01
-8.464899999999999647e-01
-8.448529999999999651e-01
-8.432079999999999576e-01
-8.415540000000000243e-01
-8.398930000000000007e-01
-8.382239999999999691e-01
-8.365470000000000406e-01
-8.348619999999999930e-01
-8.331690000000000484e-01
-8.314690000000000136e-01
-8.297609999999999708e-01
-8.280440000000000023e-01
-8.263200000000000545e-01
-8.245890000000000164e-01
-8.228490000000000526e-01
-8.211019999999999985e-01
-8.193470000000000475e-01
-8.175839999999999774e-01
-8.158140000000000391e-01
-8.140359999999999818e-01
-8.122500000000000275e-01
-8.104569999999999830e-01
-8.086560000000000414e-01
-8.068469999999999809e-01
-8.050310000000000521e-01
-8.032070000000000043e-01
-8.013759999999999772e-01
-7.995370000000000532e-01
-7.976900000000000102e-01
-7.958359999999999879e-01
-7.939749999999999863e-01
-7.921059999999999768e-01
-7.902299999999999880e-01
-7.883459999999999912e-01
-7.864550000000000152e-01
-7.845560000000000311e-01
-7.826499999999999568e-01
-7.807370000000000143e-01
-7.788159999999999528e-01
-7.768880000000000230e-01
-7.749519999999999742e-01
-7.730099999999999749e-01
-7.710599999999999676e-01
-7.691029999999999811e-01
-7.671379999999999866e-01
-7.651670000000000416e-01
-7.631879999999999775e-01
-7.612020000000000453e-01
-7.592090000000000227e-01
-7.572079999999999922e-01
-7.552010000000000112e-01
-7.531860000000000221e-01
-7.511649999999999716e-01
-7.491360000000000241e-01
-7.470999999999999863e-01
-7.450569999999999693e-01
-7.430069999999999730e-01
-7.409510000000000263e-01
-7.388869999999999605e-01
-7.368160000000000265e-01
-7.347380000000000022e-01
-7.326540000000000274e-01
-7.305620000000000447e-01
-7.284640000000000004e-01
-7.263589999999999769e-01
-7.242459999999999454e-01
-7.221279999999999921e-01
-7.200020000000000309e-01
-7.178689999999999793e-01
-7.157299999999999773e-01
-7.135839999999999961e-01
-7.114319999999999533e-01
-7.092720000000000136e-01
-7.071060000000000123e-01
-7.049339999999999495e-01
-7.027539999999999898e-01
-7.005679999999999685e-01
-6.983759999999999968e-01
-6.961770000000000458e-01
-6.939710000000000045e-01
-6.917590000000000128e-01
-6.895400000000000418e-01
-6.873150000000000093e-01
-6.850829999999999975e-01
-6.828450000000000353e-01
-6.805999999999999828e-01
-6.783489999999999798e-01
-6.760920000000000263e-01
-6.738279999999999825e-01
-6.715579999999999883e-01
-6.692820000000000435e-01
-6.669990000000000085e-01
-6.647100000000000231e-01
-6.624149999999999761e-01
-6.601139999999999786e-01
-6.578060000000000018e-01
-6.554919999999999636e-01
-6.531719999999999748e-01
-6.508460000000000356e-01
-6.485140000000000349e-01
-6.461750000000000549e-01
-6.438310000000000421e-01
-6.414800000000000502e-01
-6.391240000000000254e-01
-6.367610000000000214e-01
-6.343929999999999847e-01
-6.320179999999999687e-01
-6.296380000000000310e-01
-6.272510000000000030e-01
-6.248590000000000533e-01
-6.224610000000000420e-01
-6.200569999999999693e-01
-6.176469999999999461e-01
-6.152309999999999723e-01
-6.128099999999999659e-01
-6.103819999999999801e-01
-6.079489999999999617e-01
-6.055110000000000214e-01
-6.030659999999999910e-01
-6.006160000000000387e-01
-5.981600000000000250e-01
-5.956989999999999785e-01
-5.932319999999999816e-01
-5.907590000000000341e-01
-5.882810000000000539e-01
-5.857970000000000121e-01
-5.833080000000000487e-01
-5.808130000000000237e-01
-5.783129999999999660e-01
-5.758079999999999865e-01
-5.732969999999999455e-01
-5.707799999999999541e-01
-5.682580000000000409e-01
-5.657309999999999839e-01
-5.631990000000000052e-01
-5.606609999999999649e-01
-5.581180000000000030e-01
-5.555700000000000083e-01
-5.530159999999999521e-01
-5.504580000000000028e-01
-5.478939999999999921e-01
-5.453249999999999487e-01
-5.427499999999999547e-01
-5.401709999999999567e-01
-5.375870000000000370e-01
-5.349969999999999448e-01
-5.324029999999999596e-01
-5.298030000000000239e-01
-5.271989999999999732e-01
-5.245889999999999720e-01
-5.219749999999999668e-01
-5.193560000000000398e-01
-5.167310000000000514e-01
-5.141019999999999479e-01
-5.114680000000000337e-01
-5.088300000000000045e-01
-5.061860000000000248e-01
-5.035380000000000411e-01
-5.008850000000000247e-01
-4.982269999999999754e-01
-4.955649999999999777e-01
-4.928980000000000028e-01
-4.902259999999999951e-01
-4.875499999999999834e-01
-4.848689999999999944e-01
-4.821829999999999727e-01
-4.794930000000000025e-01
-4.767989999999999728e-01
-4.741000000000000214e-01
-4.713959999999999817e-01
-4.686879999999999935e-01
-4.659760000000000013e-01
-4.632589999999999764e-01
-4.605380000000000029e-01
-4.578130000000000255e-01
-4.550830000000000153e-01
-4.523490000000000011e-01
-4.496109999999999829e-01
-4.468679999999999874e-01
-4.441220000000000168e-01
-4.413710000000000133e-01
-4.386160000000000059e-01
-4.358569999999999944e-01
-4.330930000000000057e-01
-4.303259999999999863e-01
-4.275550000000000184e-01
-4.247790000000000177e-01
-4.219999999999999862e-01
-4.192170000000000063e-01
-4.164289999999999936e-01
-4.136380000000000057e-01
-4.108430000000000137e-01
-4.080440000000000178e-01
-4.052410000000000179e-01
-4.024340000000000139e-01
-3.996239999999999792e-01
-3.968099999999999961e-01
-3.939920000000000089e-01
-3.911700000000000177e-01
-3.883449999999999958e-01
-3.855160000000000253e-01
-3.826829999999999954e-01
-3.798469999999999902e-01
-3.770069999999999810e-01
-3.741639999999999966e-01
-3.713170000000000082e-01
-3.684669999999999890e-01
-3.656130000000000213e-01
-3.627549999999999941e-01
-3.598950000000000204e-01
-3.570309999999999873e-01
-3.541630000000000056e-01
-3.512919999999999932e-01
-3.484180000000000055e-01
-3.455409999999999870e-01
-3.426600000000000201e-01
-3.397769999999999957e-01
-3.368900000000000228e-01
-3.339989999999999903e-01
-3.311060000000000114e-01
-3.282100000000000017e-01
-3.253099999999999881e-01
-3.224069999999999991e-01
-3.195020000000000082e-01
-3.165930000000000133e-01
-3.136809999999999876e-01
-3.107670000000000154e-01
-3.078489999999999838e-01
-3.049290000000000056e-01
-3.020059999999999967e-01
-2.990800000000000125e-01
-2.961509999999999976e-01
-2.932190000000000074e-01
-2.902839999999999865e-01
-2.873470000000000191e-01
-2.844070000000000209e-01
-2.814650000000000207e-01
-2.785190000000000166e-01
-2.755719999999999836e-01
-2.726210000000000022e-01
-2.696680000000000188e-01
-2.667129999999999779e-01
-2.637539999999999885e-01
-2.607940000000000258e-01
-2.578309999999999769e-01
-2.548650000000000082e-01
-2.518980000000000108e-01
-2.489270000000000094e-01
-2.459550000000000070e-01
-2.429800000000000015e-01
-2.400029999999999941e-01
-2.370230000000000115e-01
-2.340420000000000000e-01
-2.310580000000000134e-01
-2.280719999999999970e-01
-2.250840000000000063e-01
-2.220930000000000126e-01
-2.191009999999999902e-01
-2.161069999999999935e-01
-2.131099999999999939e-01
-2.101119999999999932e-01
-2.071109999999999896e-01
-2.041090000000000126e-01
-2.011040000000000050e-01
-1.980979999999999963e-01
-1.950900000000000134e-01
-1.920800000000000007e-01
-1.890689999999999871e-01
-1.860549999999999982e-01
-1.830400000000000083e-01
-1.800229999999999886e-01
-1.770039999999999947e-01
-1.739839999999999998e-01
-1.709620000000000029e-01
-1.679380000000000039e-01
-1.649130000000000040e-01
-1.618860000000000021e-01
-1.588579999999999992e-01
-1.558279999999999943e-01
-1.527969999999999884e-01
-1.497640000000000082e-01
-1.467299999999999993e-01
-1.436949999999999894e-01
-1.406580000000000052e-01
-1.376199999999999923e-01
-1.345810000000000062e-01
-1.315399999999999903e-01
-1.284980000000000011e-01
-1.254550000000000110e-01
-1.224110000000000059e-01
-1.193649999999999989e-01
-1.163190000000000057e-01
-1.132709999999999967e-01
-1.102220000000000005e-01
-1.071720000000000034e-01
-1.041220000000000062e-01
-1.010699999999999932e-01
-9.801700000000000690e-02
-9.496300000000000574e-02
-9.190900000000000458e-02
-8.885300000000000142e-02
-8.579699999999999827e-02
-8.273999999999999411e-02
-7.968200000000000283e-02
-7.662399999999999767e-02
-7.356500000000000539e-02
-7.050499999999999823e-02
-6.744400000000000395e-02
-6.438299999999999579e-02
-6.132100000000000051e-02
-5.825799999999999729e-02
-5.519500000000000101e-02
-5.213199999999999779e-02
-4.906800000000000050e-02
-4.600300000000000222e-02
-4.293799999999999700e-02
-3.987299999999999872e-02
-3.680699999999999944e-02
-3.374100000000000016e-02
-3.067500000000000088e-02
-2.760800000000000060e-02
-2.454100000000000031e-02
-2.147400000000000003e-02
-1.840699999999999975e-02
-1.533900000000000020e-02
-1.227199999999999992e-02
-9.204000000000000375e-03
-6.135999999999999961e-03
-3.067999999999999981e-03
