9.120000000000000502e-04
3.119999999999999944e-03
6.137000000000000094e-03
9.204000000000000375e-03
1.227199999999999992e-02
1.533900000000000020e-02
1.840699999999999975e-02
2.147400000000000003e-02
2.454100000000000031e-02
2.760800000000000060e-02
3.067500000000000088e-02
3.374100000000000016e-02
3.680699999999999944e-02
3.987299999999999872e-02
4.293799999999999700e-02
4.600300000000000222e-02
4.906800000000000050e-02
5.213199999999999779e-02
5.519500000000000101e-02
5.825799999999999729e-02
6.132100000000000051e-02
6.438199999999999479e-02
6.744400000000000395e-02
7.050399999999999723e-02
7.356400000000000439e-02
7.662399999999999767e-02
7.968200000000000283e-02
8.273999999999999411e-02
8.579699999999999827e-02
8.885300000000000142e-02
9.190900000000000458e-02
9.496300000000000574e-02
9.801700000000000690e-02
1.010699999999999932e-01
1.041210000000000052e-01
1.071720000000000034e-01
1.102220000000000005e-01
1.132709999999999967e-01
1.163180000000000047e-01
1.193649999999999989e-01
1.224100000000000049e-01
1.254550000000000110e-01
1.284980000000000011e-01
1.315399999999999903e-01
1.345800000000000052e-01
1.376199999999999923e-01
1.406580000000000052e-01
1.436949999999999894e-01
1.467299999999999993e-01
1.497640000000000082e-01
1.527969999999999884e-01
1.558279999999999943e-01
1.588579999999999992e-01
1.618860000000000021e-01
1.649130000000000040e-01
1.679380000000000039e-01
1.709610000000000019e-01
1.739829999999999988e-01
1.770039999999999947e-01
1.800219999999999876e-01
1.830390000000000073e-01
1.860549999999999982e-01
1.890680000000000138e-01
1.920800000000000007e-01
1.950900000000000134e-01
1.980979999999999963e-01
2.011040000000000050e-01
2.041080000000000116e-01
2.071109999999999896e-01
2.101109999999999922e-01
2.131099999999999939e-01
2.161059999999999925e-01
2.191009999999999902e-01
2.220930000000000126e-01
2.250830000000000053e-01
2.280709999999999960e-01
2.310570000000000124e-01
2.340409999999999990e-01
2.370230000000000115e-01
2.400019999999999931e-01
2.429790000000000005e-01
2.459540000000000060e-01
2.489270000000000094e-01
2.518969999999999820e-01
2.548650000000000082e-01
2.578300000000000036e-01
2.607929999999999970e-01
2.637539999999999885e-01
2.667120000000000046e-01
2.696669999999999900e-01
2.726210000000000022e-01
2.755710000000000104e-01
2.785190000000000166e-01
2.814639999999999920e-01
2.844070000000000209e-01
2.873470000000000191e-01
2.902839999999999865e-01
2.932179999999999787e-01
2.961500000000000243e-01
2.990789999999999837e-01
3.020050000000000234e-01
3.049279999999999768e-01
3.078489999999999838e-01
3.107659999999999867e-01
3.136809999999999876e-01
3.165919999999999845e-01
3.195009999999999795e-01
3.224069999999999991e-01
3.253090000000000148e-01
3.282089999999999730e-01
3.311049999999999827e-01
3.339989999999999903e-01
3.368889999999999940e-01
3.397760000000000224e-01
3.426600000000000201e-01
3.455400000000000138e-01
3.484180000000000055e-01
3.512919999999999932e-01
3.541619999999999768e-01
3.570300000000000140e-01
3.598939999999999917e-01
3.627549999999999941e-01
3.656119999999999925e-01
3.684660000000000157e-01
3.713159999999999794e-01
3.741630000000000233e-01
3.770060000000000078e-01
3.798460000000000170e-01
3.826820000000000221e-01
3.855149999999999966e-01
3.883440000000000225e-01
3.911689999999999889e-01
3.939909999999999801e-01
3.968090000000000228e-01
3.996230000000000060e-01
4.024329999999999852e-01
4.052399999999999891e-01
4.080429999999999890e-01
4.108419999999999850e-01
4.136369999999999769e-01
4.164280000000000204e-01
4.192159999999999775e-01
4.219990000000000130e-01
4.247779999999999889e-01
4.275539999999999896e-01
4.303250000000000131e-01
4.330919999999999770e-01
4.358560000000000212e-01
4.386149999999999771e-01
4.413699999999999846e-01
4.441209999999999880e-01
4.468670000000000142e-01
4.496100000000000096e-01
4.523479999999999723e-01
4.550819999999999865e-01
4.578119999999999967e-01
4.605369999999999742e-01
4.632580000000000031e-01
4.659749999999999726e-01
4.686870000000000203e-01
4.713950000000000085e-01
4.740989999999999926e-01
4.767979999999999996e-01
4.794919999999999738e-01
4.821819999999999995e-01
4.848680000000000212e-01
4.875490000000000101e-01
4.902250000000000218e-01
4.928969999999999740e-01
4.955640000000000045e-01
4.982260000000000022e-01
5.008839999999999959e-01
5.035370000000000124e-01
5.061849999999999961e-01
5.088289999999999758e-01
5.114670000000000050e-01
5.141010000000000302e-01
5.167300000000000226e-01
5.193539999999999823e-01
5.219740000000000490e-01
5.245880000000000543e-01
5.271970000000000267e-01
5.298019999999999952e-01
5.324010000000000131e-01
5.349960000000000271e-01
5.375849999999999795e-01
5.401700000000000390e-01
5.427490000000000370e-01
5.453230000000000022e-01
5.478920000000000456e-01
5.504559999999999453e-01
5.530150000000000343e-01
5.555679999999999508e-01
5.581169999999999742e-01
5.606600000000000472e-01
5.631979999999999764e-01
5.657299999999999551e-01
5.682570000000000121e-01
5.707790000000000363e-01
5.732949999999999990e-01
5.758060000000000400e-01
5.783120000000000482e-01
5.808119999999999949e-01
5.833070000000000199e-01
5.857959999999999834e-01
5.882800000000000251e-01
5.907580000000000053e-01
5.932300000000000351e-01
5.956970000000000320e-01
5.981589999999999963e-01
6.006150000000000100e-01
6.030649999999999622e-01
6.055089999999999639e-01
6.079480000000000439e-01
6.103809999999999514e-01
6.128080000000000194e-01
6.152300000000000546e-01
6.176449999999999996e-01
6.200550000000000228e-01
6.224589999999999845e-01
6.248580000000000245e-01
6.272499999999999742e-01
6.296359999999999735e-01
6.320170000000000510e-01
6.343910000000000382e-01
6.367599999999999927e-01
6.391219999999999679e-01
6.414790000000000214e-01
6.438300000000000134e-01
6.461740000000000261e-01
6.485119999999999774e-01
6.508450000000000069e-01
6.531709999999999461e-01
6.554910000000000458e-01
6.578049999999999731e-01
6.601120000000000321e-01
6.624139999999999473e-01
6.647089999999999943e-01
6.669979999999999798e-01
6.692799999999999860e-01
6.715569999999999595e-01
6.738269999999999538e-01
6.760909999999999975e-01
6.783479999999999510e-01
6.805989999999999540e-01
6.828429999999999778e-01
6.850819999999999688e-01
6.873129999999999518e-01
6.895379999999999843e-01
6.917569999999999553e-01
6.939689999999999470e-01
6.961749999999999883e-01
6.983740000000000503e-01
7.005670000000000508e-01
7.027529999999999610e-01
7.049320000000000030e-01
7.071049999999999836e-01
7.092709999999999848e-01
7.114300000000000068e-01
7.135829999999999673e-01
7.157289999999999486e-01
7.178679999999999506e-01
7.199999999999999734e-01
7.221260000000000456e-01
7.242450000000000276e-01
7.263570000000000304e-01
7.284620000000000539e-01
7.305599999999999872e-01
7.326519999999999699e-01
7.347369999999999735e-01
7.368139999999999690e-01
7.388850000000000140e-01
7.409489999999999688e-01
7.430060000000000553e-01
7.450550000000000228e-01
7.470980000000000398e-01
7.491339999999999666e-01
7.511630000000000251e-01
7.531839999999999646e-01
7.551989999999999537e-01
7.572060000000000457e-01
7.592069999999999652e-01
7.611999999999999877e-01
7.631860000000000310e-01
7.651649999999999840e-01
7.671369999999999578e-01
7.691010000000000346e-01
7.710580000000000211e-01
7.730080000000000284e-01
7.749509999999999454e-01
7.768859999999999655e-01
7.788140000000000063e-01
7.807349999999999568e-01
7.826480000000000103e-01
7.845539999999999736e-01
7.864529999999999577e-01
7.883440000000000447e-01
7.902280000000000415e-01
7.921040000000000303e-01
7.939730000000000398e-01
7.958340000000000414e-01
7.976879999999999526e-01
7.995349999999999957e-01
8.013740000000000308e-01
8.032049999999999468e-01
8.050289999999999946e-01
8.068450000000000344e-01
8.086539999999999839e-01
8.104550000000000365e-01
8.122479999999999700e-01
8.140340000000000353e-01
8.158119999999999816e-01
8.175820000000000309e-01
8.193449999999999900e-01
8.211000000000000520e-01
8.228469999999999951e-01
8.245869999999999589e-01
8.263179999999999970e-01
8.280419999999999447e-01
8.297590000000000243e-01
8.314669999999999561e-01
8.331680000000000197e-01
8.348600000000000465e-01
8.365449999999999831e-01
8.382220000000000226e-01
8.398910000000000542e-01
8.415519999999999667e-01
8.432060000000000111e-01
8.448510000000000186e-01
8.464880000000000182e-01
8.481180000000000385e-01
8.497390000000000221e-01
8.513530000000000264e-01
8.529579999999999940e-01
8.545549999999999535e-01
8.561450000000000449e-01
8.577259999999999884e-01
8.592990000000000350e-01
8.608639999999999626e-01
8.624209999999999932e-01
8.639700000000000157e-01
8.655110000000000303e-01
8.670440000000000369e-01
8.685680000000000067e-01
8.700839999999999685e-01
8.715920000000000334e-01
8.730919999999999792e-01
8.745840000000000281e-01
8.760670000000000401e-01
8.775429999999999620e-01
8.790090000000000403e-01
8.804680000000000284e-01
8.819190000000000085e-01
8.833609999999999518e-01
8.847939999999999694e-01
8.862200000000000077e-01
8.876370000000000093e-01
8.890460000000000029e-01
8.904459999999999598e-01
8.918380000000000196e-01
8.932219999999999605e-01
8.945969999999999756e-01
8.959629999999999539e-01
8.973219999999999530e-01
8.986720000000000264e-01
9.000129999999999519e-01
9.013459999999999805e-01
9.026699999999999724e-01
9.039859999999999562e-01
9.052940000000000431e-01
9.065929999999999822e-01
9.078829999999999956e-01
9.091650000000000009e-01
9.104379999999999695e-01
9.117030000000000411e-01
9.129589999999999650e-01
9.142069999999999919e-01
9.154459999999999820e-01
9.166760000000000463e-01
9.178979999999999917e-01
9.191110000000000113e-01
9.203149999999999942e-01
9.215109999999999690e-01
9.226980000000000182e-01
9.238769999999999483e-01
9.250460000000000349e-01
9.262070000000000025e-01
9.273599999999999621e-01
9.285029999999999673e-01
9.296379999999999644e-01
9.307640000000000358e-01
9.318809999999999594e-01
9.329899999999999860e-01
9.340899999999999759e-01
9.351810000000000400e-01
9.362629999999999564e-01
9.373359999999999470e-01
9.384010000000000407e-01
9.394559999999999578e-01
9.405029999999999779e-01
9.415409999999999613e-01
9.425700000000000189e-01
9.435909999999999576e-01
9.446020000000000527e-01
9.456040000000000001e-01
9.465980000000000505e-01
9.475829999999999531e-01
9.485580000000000123e-01
9.495249999999999524e-01
9.504829999999999668e-01
9.514320000000000555e-01
9.523719999999999963e-01
9.533030000000000115e-01
9.542249999999999899e-01
9.551380000000000425e-01
9.560419999999999474e-01
9.569370000000000376e-01
9.578229999999999800e-01
9.586999999999999966e-01
9.595690000000000053e-01
9.604279999999999484e-01
9.612770000000000481e-01
9.621180000000000287e-01
9.629499999999999726e-01
9.637729999999999908e-01
9.645869999999999722e-01
9.653909999999999991e-01
9.661870000000000180e-01
9.669729999999999714e-01
9.677510000000000279e-01
9.685190000000000188e-01
9.692779999999999729e-01
9.700280000000000014e-01
9.707689999999999930e-01
9.715009999999999479e-01
9.722229999999999484e-01
9.729370000000000518e-01
9.736409999999999787e-01
9.743359999999999799e-01
9.750220000000000553e-01
9.756989999999999830e-01
9.763669999999999849e-01
9.770250000000000323e-01
9.776740000000000430e-01
9.783140000000000169e-01
9.789449999999999541e-01
9.795669999999999655e-01
9.801790000000000225e-01
9.807820000000000427e-01
9.813760000000000261e-01
9.819609999999999728e-01
9.825359999999999649e-01
9.831020000000000314e-01
9.836589999999999501e-01
9.842070000000000540e-01
9.847449999999999815e-01
9.852750000000000119e-01
9.857939999999999481e-01
9.863049999999999873e-01
9.868059999999999610e-01
9.872980000000000089e-01
9.877810000000000201e-01
9.882539999999999658e-01
9.887190000000000145e-01
9.891729999999999690e-01
9.896190000000000264e-01
9.900550000000000184e-01
9.904819999999999736e-01
9.909000000000000030e-01
9.913079999999999670e-01
9.917070000000000052e-01
9.920959999999999779e-01
9.924760000000000248e-01
9.928470000000000351e-01
9.932090000000000085e-01
9.935610000000000275e-01
9.939040000000000097e-01
9.942370000000000374e-01
9.945610000000000284e-01
9.948759999999999826e-01
9.951820000000000110e-01
9.954779999999999740e-01
9.957639999999999825e-01
9.960419999999999829e-01
9.963090000000000002e-01
9.965680000000000094e-01
9.968169999999999531e-01
9.970569999999999711e-01
9.972870000000000346e-01
9.975079999999999503e-01
9.977200000000000513e-01
9.979219999999999757e-01
9.981149999999999745e-01
9.982980000000000187e-01
9.984720000000000262e-01
9.986369999999999969e-01
9.987920000000000131e-01
9.989379999999999926e-01
9.990750000000000464e-01
9.992020000000000346e-01
9.993189999999999573e-01
9.994269999999999543e-01
9.995260000000000256e-01
9.996159999999999490e-01
9.996960000000000290e-01
9.997660000000000435e-01
9.998270000000000213e-01
9.998789999999999623e-01
9.999219999999999775e-01
9.999550000000000383e-01
9.999780000000000335e-01
9.999919999999999920e-01
9.999970000000000248e-01
9.999919999999999920e-01
9.999780000000000335e-01
9.999550000000000383e-01
9.999219999999999775e-01
9.998789999999999623e-01
9.998270000000000213e-01
9.997660000000000435e-01
9.996960000000000290e-01
9.996159999999999490e-01
9.995260000000000256e-01
9.994269999999999543e-01
9.993189999999999573e-01
9.992020000000000346e-01
9.990750000000000464e-01
9.989379999999999926e-01
9.987920000000000131e-01
9.986369999999999969e-01
9.984720000000000262e-01
9.982980000000000187e-01
9.981149999999999745e-01
9.979219999999999757e-01
9.977200000000000513e-01
9.975079999999999503e-01
9.972870000000000346e-01
9.970569999999999711e-01
9.968169999999999531e-01
9.965680000000000094e-01
9.963090000000000002e-01
9.960419999999999829e-01
9.957639999999999825e-01
9.954779999999999740e-01
9.951820000000000110e-01
9.948759999999999826e-01
9.945610000000000284e-01
9.942370000000000374e-01
9.939040000000000097e-01
9.935610000000000275e-01
9.932090000000000085e-01
9.928470000000000351e-01
9.924760000000000248e-01
9.920959999999999779e-01
9.917070000000000052e-01
9.913079999999999670e-01
9.909000000000000030e-01
9.904819999999999736e-01
9.900550000000000184e-01
9.896190000000000264e-01
9.891729999999999690e-01
9.887190000000000145e-01
9.882539999999999658e-01
9.877810000000000201e-01
9.872980000000000089e-01
9.868059999999999610e-01
9.863049999999999873e-01
9.857939999999999481e-01
9.852750000000000119e-01
9.847449999999999815e-01
9.842070000000000540e-01
9.836589999999999501e-01
9.831020000000000314e-01
9.825359999999999649e-01
9.819609999999999728e-01
9.813760000000000261e-01
9.807820000000000427e-01
9.801790000000000225e-01
9.795669999999999655e-01
9.789449999999999541e-01
9.783140000000000169e-01
9.776740000000000430e-01
9.770250000000000323e-01
9.763669999999999849e-01
9.756989999999999830e-01
9.750220000000000553e-01
9.743359999999999799e-01
9.736409999999999787e-01
9.729370000000000518e-01
9.722229999999999484e-01
9.715009999999999479e-01
9.707689999999999930e-01
9.700280000000000014e-01
9.692779999999999729e-01
9.685190000000000188e-01
9.677510000000000279e-01
9.669729999999999714e-01
9.661870000000000180e-01
9.653909999999999991e-01
9.645869999999999722e-01
9.637729999999999908e-01
9.629499999999999726e-01
9.621180000000000287e-01
9.612770000000000481e-01
9.604279999999999484e-01
9.595690000000000053e-01
9.586999999999999966e-01
9.578229999999999800e-01
9.569370000000000376e-01
9.560419999999999474e-01
9.551380000000000425e-01
9.542249999999999899e-01
9.533030000000000115e-01
9.523719999999999963e-01
9.514320000000000555e-01
9.504829999999999668e-01
9.495249999999999524e-01
9.485580000000000123e-01
9.475829999999999531e-01
9.465980000000000505e-01
9.456040000000000001e-01
9.446020000000000527e-01
9.435909999999999576e-01
9.425700000000000189e-01
9.415409999999999613e-01
9.405029999999999779e-01
9.394559999999999578e-01
9.384010000000000407e-01
9.373359999999999470e-01
9.362629999999999564e-01
9.351810000000000400e-01
9.340899999999999759e-01
9.329899999999999860e-01
9.318809999999999594e-01
9.307640000000000358e-01
9.296379999999999644e-01
9.285029999999999673e-01
9.273599999999999621e-01
9.262070000000000025e-01
9.250460000000000349e-01
9.238769999999999483e-01
9.226980000000000182e-01
9.215109999999999690e-01
9.203149999999999942e-01
9.191110000000000113e-01
9.178979999999999917e-01
9.166760000000000463e-01
9.154459999999999820e-01
9.142069999999999919e-01
9.129589999999999650e-01
9.117030000000000411e-01
9.104379999999999695e-01
9.091650000000000009e-01
9.078829999999999956e-01
9.065929999999999822e-01
9.052940000000000431e-01
9.039859999999999562e-01
9.026699999999999724e-01
9.013459999999999805e-01
9.000129999999999519e-01
8.986720000000000264e-01
8.973219999999999530e-01
8.959629999999999539e-01
8.945969999999999756e-01
8.932219999999999605e-01
8.918380000000000196e-01
8.904459999999999598e-01
8.890460000000000029e-01
8.876370000000000093e-01
8.862200000000000077e-01
8.847939999999999694e-01
8.833609999999999518e-01
8.819190000000000085e-01
8.804680000000000284e-01
8.790090000000000403e-01
8.775429999999999620e-01
8.760670000000000401e-01
8.745840000000000281e-01
8.730919999999999792e-01
8.715920000000000334e-01
8.700839999999999685e-01
8.685680000000000067e-01
8.670440000000000369e-01
8.655110000000000303e-01
8.639700000000000157e-01
8.624209999999999932e-01
8.608639999999999626e-01
8.592990000000000350e-01
8.577259999999999884e-01
8.561450000000000449e-01
8.545549999999999535e-01
8.529579999999999940e-01
8.513530000000000264e-01
8.497390000000000221e-01
8.481180000000000385e-01
8.464880000000000182e-01
8.448510000000000186e-01
8.432060000000000111e-01
8.415519999999999667e-01
8.398910000000000542e-01
8.382220000000000226e-01
8.365449999999999831e-01
8.348600000000000465e-01
8.331680000000000197e-01
8.314669999999999561e-01
8.297590000000000243e-01
8.280419999999999447e-01
8.263179999999999970e-01
8.245869999999999589e-01
8.228469999999999951e-01
8.211000000000000520e-01
8.193449999999999900e-01
8.175820000000000309e-01
8.158119999999999816e-01
8.140340000000000353e-01
8.122479999999999700e-01
8.104550000000000365e-01
8.086539999999999839e-01
8.068450000000000344e-01
8.050289999999999946e-01
8.032049999999999468e-01
8.013740000000000308e-01
7.995349999999999957e-01
7.976879999999999526e-01
7.958340000000000414e-01
7.939730000000000398e-01
7.921040000000000303e-01
7.902280000000000415e-01
7.883440000000000447e-01
7.864529999999999577e-01
7.845539999999999736e-01
7.826480000000000103e-01
7.807349999999999568e-01
7.788140000000000063e-01
7.768859999999999655e-01
7.749509999999999454e-01
7.730080000000000284e-01
7.710580000000000211e-01
7.691010000000000346e-01
7.671369999999999578e-01
7.651649999999999840e-01
7.631860000000000310e-01
7.611999999999999877e-01
7.592069999999999652e-01
7.572060000000000457e-01
7.551989999999999537e-01
7.531839999999999646e-01
7.511630000000000251e-01
7.491339999999999666e-01
7.470980000000000398e-01
7.450550000000000228e-01
7.430060000000000553e-01
7.409489999999999688e-01
7.388850000000000140e-01
7.368139999999999690e-01
7.347369999999999735e-01
7.326519999999999699e-01
7.305599999999999872e-01
7.284620000000000539e-01
7.263570000000000304e-01
7.242450000000000276e-01
7.221260000000000456e-01
7.199999999999999734e-01
7.178679999999999506e-01
7.157289999999999486e-01
7.135829999999999673e-01
7.114300000000000068e-01
7.092709999999999848e-01
7.071049999999999836e-01
7.049320000000000030e-01
7.027529999999999610e-01
7.005670000000000508e-01
6.983740000000000503e-01
6.961749999999999883e-01
6.939689999999999470e-01
6.917569999999999553e-01
6.895379999999999843e-01
6.873129999999999518e-01
6.850819999999999688e-01
6.828429999999999778e-01
6.805989999999999540e-01
6.783479999999999510e-01
6.760909999999999975e-01
6.738269999999999538e-01
6.715569999999999595e-01
6.692799999999999860e-01
6.669979999999999798e-01
6.647089999999999943e-01
6.624139999999999473e-01
6.601120000000000321e-01
6.578049999999999731e-01
6.554910000000000458e-01
6.531709999999999461e-01
6.508450000000000069e-01
6.485119999999999774e-01
6.461740000000000261e-01
6.438300000000000134e-01
6.414790000000000214e-01
6.391219999999999679e-01
6.367599999999999927e-01
6.343910000000000382e-01
6.320170000000000510e-01
6.296359999999999735e-01
6.272499999999999742e-01
6.248580000000000245e-01
6.224589999999999845e-01
6.200550000000000228e-01
6.176449999999999996e-01
6.152300000000000546e-01
6.128080000000000194e-01
6.103809999999999514e-01
6.079480000000000439e-01
6.055089999999999639e-01
6.030649999999999622e-01
6.006150000000000100e-01
5.981589999999999963e-01
5.956970000000000320e-01
5.932300000000000351e-01
5.907580000000000053e-01
5.882800000000000251e-01
5.857959999999999834e-01
5.833070000000000199e-01
5.808119999999999949e-01
5.783120000000000482e-01
5.758060000000000400e-01
5.732949999999999990e-01
5.707790000000000363e-01
5.682570000000000121e-01
5.657299999999999551e-01
5.631979999999999764e-01
5.606600000000000472e-01
5.581169999999999742e-01
5.555679999999999508e-01
5.530150000000000343e-01
5.504559999999999453e-01
5.478920000000000456e-01
5.453230000000000022e-01
5.427490000000000370e-01
5.401700000000000390e-01
5.375849999999999795e-01
5.349960000000000271e-01
5.324010000000000131e-01
5.298019999999999952e-01
5.271970000000000267e-01
5.245880000000000543e-01
5.219740000000000490e-01
5.193539999999999823e-01
5.167300000000000226e-01
5.141010000000000302e-01
5.114670000000000050e-01
5.088289999999999758e-01
5.061849999999999961e-01
5.035370000000000124e-01
5.008839999999999959e-01
4.982260000000000022e-01
4.955640000000000045e-01
4.928969999999999740e-01
4.902250000000000218e-01
4.875490000000000101e-01
4.848680000000000212e-01
4.821819999999999995e-01
4.794919999999999738e-01
4.767979999999999996e-01
4.740989999999999926e-01
4.713950000000000085e-01
4.686870000000000203e-01
4.659749999999999726e-01
4.632580000000000031e-01
4.605369999999999742e-01
4.578119999999999967e-01
4.550819999999999865e-01
4.523479999999999723e-01
4.496100000000000096e-01
4.468670000000000142e-01
4.441209999999999880e-01
4.413699999999999846e-01
4.386149999999999771e-01
4.358560000000000212e-01
4.330919999999999770e-01
4.303250000000000131e-01
4.275539999999999896e-01
4.247779999999999889e-01
4.219990000000000130e-01
4.192159999999999775e-01
4.164280000000000204e-01
4.136369999999999769e-01
4.108419999999999850e-01
4.080429999999999890e-01
4.052399999999999891e-01
4.024329999999999852e-01
3.996230000000000060e-01
3.968090000000000228e-01
3.939909999999999801e-01
3.911689999999999889e-01
3.883440000000000225e-01
3.855149999999999966e-01
3.826820000000000221e-01
3.798460000000000170e-01
3.770060000000000078e-01
3.741630000000000233e-01
3.713159999999999794e-01
3.684660000000000157e-01
3.656119999999999925e-01
3.627549999999999941e-01
3.598939999999999917e-01
3.570300000000000140e-01
3.541619999999999768e-01
3.512919999999999932e-01
3.484180000000000055e-01
3.455400000000000138e-01
3.426600000000000201e-01
3.397760000000000224e-01
3.368889999999999940e-01
3.339989999999999903e-01
3.311049999999999827e-01
3.282089999999999730e-01
3.253090000000000148e-01
3.224069999999999991e-01
3.195009999999999795e-01
3.165919999999999845e-01
3.136809999999999876e-01
3.107659999999999867e-01
3.078489999999999838e-01
3.049279999999999768e-01
3.020050000000000234e-01
2.990789999999999837e-01
2.961500000000000243e-01
2.932179999999999787e-01
2.902839999999999865e-01
2.873470000000000191e-01
2.844070000000000209e-01
2.814639999999999920e-01
2.785190000000000166e-01
2.755710000000000104e-01
2.726210000000000022e-01
2.696669999999999900e-01
2.667120000000000046e-01
2.637539999999999885e-01
2.607929999999999970e-01
2.578300000000000036e-01
2.548650000000000082e-01
2.518969999999999820e-01
2.489270000000000094e-01
2.459540000000000060e-01
2.429790000000000005e-01
2.400019999999999931e-01
2.370230000000000115e-01
2.340409999999999990e-01
2.310570000000000124e-01
2.280709999999999960e-01
2.250830000000000053e-01
2.220930000000000126e-01
2.191009999999999902e-01
2.161059999999999925e-01
2.131099999999999939e-01
2.101109999999999922e-01
2.071109999999999896e-01
2.041080000000000116e-01
2.011040000000000050e-01
1.980979999999999963e-01
1.950900000000000134e-01
1.920800000000000007e-01
1.890680000000000138e-01
1.860549999999999982e-01
1.830390000000000073e-01
1.800219999999999876e-01
1.770039999999999947e-01
1.739829999999999988e-01
1.709610000000000019e-01
1.679380000000000039e-01
1.649130000000000040e-01
1.618860000000000021e-01
1.588579999999999992e-01
1.558279999999999943e-01
1.527969999999999884e-01
1.497640000000000082e-01
1.467299999999999993e-01
1.436949999999999894e-01
1.406580000000000052e-01
1.376199999999999923e-01
1.345800000000000052e-01
1.315399999999999903e-01
1.284980000000000011e-01
1.254550000000000110e-01
1.224100000000000049e-01
1.193649999999999989e-01
1.163180000000000047e-01
1.132709999999999967e-01
1.102220000000000005e-01
1.071720000000000034e-01
1.041210000000000052e-01
1.010699999999999932e-01
9.801700000000000690e-02
9.496300000000000574e-02
9.190900000000000458e-02
8.885300000000000142e-02
8.579699999999999827e-02
8.273999999999999411e-02
7.968200000000000283e-02
7.662399999999999767e-02
7.356400000000000439e-02
7.050399999999999723e-02
6.744400000000000395e-02
6.438199999999999479e-02
6.132100000000000051e-02
5.825799999999999729e-02
5.519500000000000101e-02
5.213199999999999779e-02
4.906800000000000050e-02
4.600300000000000222e-02
4.293799999999999700e-02
3.987299999999999872e-02
3.680699999999999944e-02
3.374100000000000016e-02
3.067500000000000088e-02
2.760800000000000060e-02
2.454100000000000031e-02
2.147400000000000003e-02
1.840699999999999975e-02
1.533900000000000020e-02
1.227100000000000066e-02
9.204000000000000375e-03
6.135999999999999961e-03
3.067999999999999981e-03
0.000000000000000000e+00
-3.067999999999999981e-03
-6.135999999999999961e-03
-9.204000000000000375e-03
-1.227100000000000066e-02
-1.533900000000000020e-02
-1.840699999999999975e-02
-2.147400000000000003e-02
-2.454100000000000031e-02
-2.760800000000000060e-02
-3.067500000000000088e-02
-3.374100000000000016e-02
-3.680699999999999944e-02
-3.987299999999999872e-02
-4.293799999999999700e-02
-4.600300000000000222e-02
-4.906800000000000050e-02
-5.213199999999999779e-02
-5.519500000000000101e-02
-5.825799999999999729e-02
-6.132100000000000051e-02
-6.438199999999999479e-02
-6.744400000000000395e-02
-7.050399999999999723e-02
-7.356400000000000439e-02
-7.662399999999999767e-02
-7.968200000000000283e-02
-8.273999999999999411e-02
-8.579699999999999827e-02
-8.885300000000000142e-02
-9.190900000000000458e-02
-9.496300000000000574e-02
-9.801700000000000690e-02
-1.010699999999999932e-01
-1.041210000000000052e-01
-1.071720000000000034e-01
-1.102220000000000005e-01
-1.132709999999999967e-01
-1.163180000000000047e-01
-1.193649999999999989e-01
-1.224100000000000049e-01
-1.254550000000000110e-01
-1.284980000000000011e-01
-1.315399999999999903e-01
-1.345800000000000052e-01
-1.376199999999999923e-01
-1.406580000000000052e-01
-1.436949999999999894e-01
-1.467299999999999993e-01
-1.497640000000000082e-01
-1.527969999999999884e-01
-1.558279999999999943e-01
-1.588579999999999992e-01
-1.618860000000000021e-01
-1.649130000000000040e-01
-1.679380000000000039e-01
-1.709610000000000019e-01
-1.739829999999999988e-01
-1.770039999999999947e-01
-1.800219999999999876e-01
-1.830390000000000073e-01
-1.860549999999999982e-01
-1.890680000000000138e-01
-1.920800000000000007e-01
-1.950900000000000134e-01
-1.980979999999999963e-01
-2.011040000000000050e-01
-2.041080000000000116e-01
-2.071109999999999896e-01
-2.101109999999999922e-01
-2.131099999999999939e-01
-2.161059999999999925e-01
-2.191009999999999902e-01
-2.220930000000000126e-01
-2.250830000000000053e-01
-2.280709999999999960e-01
-2.310570000000000124e-01
-2.340409999999999990e-01
-2.370230000000000115e-01
-2.400019999999999931e-01
-2.429790000000000005e-01
-2.459540000000000060e-01
-2.489270000000000094e-01
-2.518969999999999820e-01
-2.548650000000000082e-01
-2.578300000000000036e-01
-2.607929999999999970e-01
-2.637539999999999885e-01
-2.667120000000000046e-01
-2.696669999999999900e-01
-2.726210000000000022e-01
-2.755710000000000104e-01
-2.785190000000000166e-01
-2.814639999999999920e-01
-2.844070000000000209e-01
-2.873470000000000191e-01
-2.902839999999999865e-01
-2.932179999999999787e-01
-2.961500000000000243e-01
-2.990789999999999837e-01
-3.020050000000000234e-01
-3.049279999999999768e-01
-3.078489999999999838e-01
-3.107659999999999867e-01
-3.136809999999999876e-01
-3.165919999999999845e-01
-3.195009999999999795e-01
-3.224069999999999991e-01
-3.253090000000000148e-01
-3.282089999999999730e-01
-3.311049999999999827e-01
-3.339989999999999903e-01
-3.368889999999999940e-01
-3.397760000000000224e-01
-3.426600000000000201e-01
-3.455400000000000138e-01
-3.484180000000000055e-01
-3.512919999999999932e-01
-3.541619999999999768e-01
-3.570300000000000140e-01
-3.598939999999999917e-01
-3.627549999999999941e-01
-3.656119999999999925e-01
-3.684660000000000157e-01
-3.713159999999999794e-01
-3.741630000000000233e-01
-3.770060000000000078e-01
-3.798460000000000170e-01
-3.826820000000000221e-01
-3.855149999999999966e-01
-3.883440000000000225e-01
-3.911689999999999889e-01
-3.939909999999999801e-01
-3.968090000000000228e-01
-3.996230000000000060e-01
-4.024329999999999852e-01
-4.052399999999999891e-01
-4.080429999999999890e-01
-4.108419999999999850e-01
-4.136369999999999769e-01
-4.164280000000000204e-01
-4.192159999999999775e-01
-4.219990000000000130e-01
-4.247779999999999889e-01
-4.275539999999999896e-01
-4.303250000000000131e-01
-4.330919999999999770e-01
-4.358560000000000212e-01
-4.386149999999999771e-01
-4.413699999999999846e-01
-4.441209999999999880e-01
-4.468670000000000142e-01
-4.496100000000000096e-01
-4.523479999999999723e-01
-4.550819999999999865e-01
-4.578119999999999967e-01
-4.605369999999999742e-01
-4.632580000000000031e-01
-4.659749999999999726e-01
-4.686870000000000203e-01
-4.713950000000000085e-01
-4.740989999999999926e-01
-4.767979999999999996e-01
-4.794919999999999738e-01
-4.821819999999999995e-01
-4.848680000000000212e-01
-4.875490000000000101e-01
-4.902250000000000218e-01
-4.928969999999999740e-01
-4.955640000000000045e-01
-4.982260000000000022e-01
-5.008839999999999959e-01
-5.035370000000000124e-01
-5.061849999999999961e-01
-5.088289999999999758e-01
-5.114670000000000050e-01
-5.141010000000000302e-01
-5.167300000000000226e-01
-5.193539999999999823e-01
-5.219740000000000490e-01
-5.245880000000000543e-01
-5.271970000000000267e-01
-5.298019999999999952e-01
-5.324010000000000131e-01
-5.349960000000000271e-01
-5.375849999999999795e-01
-5.401700000000000390e-01
-5.427490000000000370e-01
-5.453230000000000022e-01
-5.478920000000000456e-01
-5.504559999999999453e-01
-5.530150000000000343e-01
-5.555679999999999508e-01
-5.581169999999999742e-01
-5.606600000000000472e-01
-5.631979999999999764e-01
-5.657299999999999551e-01
-5.682570000000000121e-01
-5.707790000000000363e-01
-5.732949999999999990e-01
-5.758060000000000400e-01
-5.783120000000000482e-01
-5.808119999999999949e-01
-5.833070000000000199e-01
-5.857959999999999834e-01
-5.882800000000000251e-01
-5.907580000000000053e-01
-5.932300000000000351e-01
-5.956970000000000320e-01
-5.981589999999999963e-01
-6.006150000000000100e-01
-6.030649999999999622e-01
-6.055089999999999639e-01
-6.079480000000000439e-01
-6.103809999999999514e-01
-6.128080000000000194e-01
-6.152300000000000546e-01
-6.176449999999999996e-01
-6.200550000000000228e-01
-6.224589999999999845e-01
-6.248580000000000245e-01
-6.272499999999999742e-01
-6.296359999999999735e-01
-6.320170000000000510e-01
-6.343910000000000382e-01
-6.367599999999999927e-01
-6.391219999999999679e-01
-6.414790000000000214e-01
-6.438300000000000134e-01
-6.461740000000000261e-01
-6.485119999999999774e-01
-6.508450000000000069e-01
-6.531709999999999461e-01
-6.554910000000000458e-01
-6.578049999999999731e-01
-6.601120000000000321e-01
-6.624139999999999473e-01
-6.647089999999999943e-01
-6.669979999999999798e-01
-6.692799999999999860e-01
-6.715569999999999595e-01
-6.738269999999999538e-01
-6.760909999999999975e-01
-6.783479999999999510e-01
-6.805989999999999540e-01
-6.828429999999999778e-01
-6.850819999999999688e-01
-6.873129999999999518e-01
-6.895379999999999843e-01
-6.917569999999999553e-01
-6.939689999999999470e-01
-6.961749999999999883e-01
-6.983740000000000503e-01
-7.005670000000000508e-01
-7.027529999999999610e-01
-7.049320000000000030e-01
-7.071049999999999836e-01
-7.092709999999999848e-01
-7.114300000000000068e-01
-7.135829999999999673e-01
-7.157289999999999486e-01
-7.178679999999999506e-01
-7.199999999999999734e-01
-7.221260000000000456e-01
-7.242450000000000276e-01
-7.263570000000000304e-01
-7.284620000000000539e-01
-7.305599999999999872e-01
-7.326519999999999699e-01
-7.347369999999999735e-01
-7.368139999999999690e-01
-7.388850000000000140e-01
-7.409489999999999688e-01
-7.430060000000000553e-01
-7.450550000000000228e-01
-7.470980000000000398e-01
-7.491339999999999666e-01
-7.511630000000000251e-01
-7.531839999999999646e-01
-7.551989999999999537e-01
-7.572060000000000457e-01
-7.592069999999999652e-01
-7.611999999999999877e-01
-7.631860000000000310e-01
-7.651649999999999840e-01
-7.671369999999999578e-01
-7.691010000000000346e-01
-7.710580000000000211e-01
-7.730080000000000284e-01
-7.749509999999999454e-01
-7.768859999999999655e-01
-7.788140000000000063e-01
-7.807349999999999568e-01
-7.826480000000000103e-01
-7.845539999999999736e-01
-7.864529999999999577e-01
-7.883440000000000447e-01
-7.902280000000000415e-01
-7.921040000000000303e-01
-7.939730000000000398e-01
-7.958340000000000414e-01
-7.976879999999999526e-01
-7.995349999999999957e-01
-8.013740000000000308e-01
-8.032049999999999468e-01
-8.050289999999999946e-01
-8.068450000000000344e-01
-8.086539999999999839e-01
-8.104550000000000365e-01
-8.122479999999999700e-01
-8.140340000000000353e-01
-8.158119999999999816e-01
-8.175820000000000309e-01
-8.193449999999999900e-01
-8.211000000000000520e-01
-8.228469999999999951e-01
-8.245869999999999589e-01
-8.263179999999999970e-01
-8.280419999999999447e-01
-8.297590000000000243e-01
-8.314669999999999561e-01
-8.331680000000000197e-01
-8.348600000000000465e-01
-8.365449999999999831e-01
-8.382220000000000226e-01
-8.398910000000000542e-01
-8.415519999999999667e-01
-8.432060000000000111e-01
-8.448510000000000186e-01
-8.464880000000000182e-01
-8.481180000000000385e-01
-8.497390000000000221e-01
-8.513530000000000264e-01
-8.529579999999999940e-01
-8.545549999999999535e-01
-8.561450000000000449e-01
-8.577259999999999884e-01
-8.592990000000000350e-01
-8.608639999999999626e-01
-8.624209999999999932e-01
-8.639700000000000157e-01
-8.655110000000000303e-01
-8.670440000000000369e-01
-8.685680000000000067e-01
-8.700839999999999685e-01
-8.715920000000000334e-01
-8.730919999999999792e-01
-8.745840000000000281e-01
-8.760670000000000401e-01
-8.775429999999999620e-01
-8.790090000000000403e-01
-8.804680000000000284e-01
-8.819190000000000085e-01
-8.833609999999999518e-01
-8.847939999999999694e-01
-8.862200000000000077e-01
-8.876370000000000093e-01
-8.890460000000000029e-01
-8.904459999999999598e-01
-8.918380000000000196e-01
-8.932219999999999605e-01
-8.945969999999999756e-01
-8.959629999999999539e-01
-8.973219999999999530e-01
-8.986720000000000264e-01
-9.000129999999999519e-01
-9.013459999999999805e-01
-9.026699999999999724e-01
-9.039859999999999562e-01
-9.052940000000000431e-01
-9.065929999999999822e-01
-9.078829999999999956e-01
-9.091650000000000009e-01
-9.104379999999999695e-01
-9.117030000000000411e-01
-9.129589999999999650e-01
-9.142069999999999919e-01
-9.154459999999999820e-01
-9.166760000000000463e-01
-9.178979999999999917e-01
-9.191110000000000113e-01
-9.203149999999999942e-01
-9.215109999999999690e-01
-9.226980000000000182e-01
-9.238769999999999483e-01
-9.250460000000000349e-01
-9.262070000000000025e-01
-9.273599999999999621e-01
-9.285029999999999673e-01
-9.296379999999999644e-01
-9.307640000000000358e-01
-9.318809999999999594e-01
-9.329899999999999860e-01
-9.340899999999999759e-01
-9.351810000000000400e-01
-9.362629999999999564e-01
-9.373359999999999470e-01
-9.384010000000000407e-01
-9.394559999999999578e-01
-9.405029999999999779e-01
-9.415409999999999613e-01
-9.425700000000000189e-01
-9.435909999999999576e-01
-9.446020000000000527e-01
-9.456040000000000001e-01
-9.465980000000000505e-01
-9.475829999999999531e-01
-9.485580000000000123e-01
-9.495249999999999524e-01
-9.504829999999999668e-01
-9.514320000000000555e-01
-9.523719999999999963e-01
-9.533030000000000115e-01
-9.542249999999999899e-01
-9.551380000000000425e-01
-9.560419999999999474e-01
-9.569370000000000376e-01
-9.578229999999999800e-01
-9.586999999999999966e-01
-9.595690000000000053e-01
-9.604279999999999484e-01
-9.612770000000000481e-01
-9.621180000000000287e-01
-9.629499999999999726e-01
-9.637729999999999908e-01
-9.645869999999999722e-01
-9.653909999999999991e-01
-9.661870000000000180e-01
-9.669729999999999714e-01
-9.677510000000000279e-01
-9.685190000000000188e-01
-9.692779999999999729e-01
-9.700280000000000014e-01
-9.707689999999999930e-01
-9.715009999999999479e-01
-9.722229999999999484e-01
-9.729370000000000518e-01
-9.736409999999999787e-01
-9.743359999999999799e-01
-9.750220000000000553e-01
-9.756989999999999830e-01
-9.763669999999999849e-01
-9.770250000000000323e-01
-9.776740000000000430e-01
-9.783140000000000169e-01
-9.789449999999999541e-01
-9.795669999999999655e-01
-9.801790000000000225e-01
-9.807820000000000427e-01
-9.813760000000000261e-01
-9.819609999999999728e-01
-9.825359999999999649e-01
-9.831020000000000314e-01
-9.836589999999999501e-01
-9.842070000000000540e-01
-9.847449999999999815e-01
-9.852750000000000119e-01
-9.857939999999999481e-01
-9.863049999999999873e-01
-9.868059999999999610e-01
-9.872980000000000089e-01
-9.877810000000000201e-01
-9.882539999999999658e-01
-9.887190000000000145e-01
-9.891729999999999690e-01
-9.896190000000000264e-01
-9.900550000000000184e-01
-9.904819999999999736e-01
-9.909000000000000030e-01
-9.913079999999999670e-01
-9.917070000000000052e-01
-9.920959999999999779e-01
-9.924760000000000248e-01
-9.928470000000000351e-01
-9.932090000000000085e-01
-9.935610000000000275e-01
-9.939040000000000097e-01
-9.942370000000000374e-01
-9.945610000000000284e-01
-9.948759999999999826e-01
-9.951820000000000110e-01
-9.954779999999999740e-01
-9.957639999999999825e-01
-9.960419999999999829e-01
-9.963090000000000002e-01
-9.965680000000000094e-01
-9.968169999999999531e-01
-9.970569999999999711e-01
-9.972870000000000346e-01
-9.975079999999999503e-01
-9.977200000000000513e-01
-9.979219999999999757e-01
-9.981149999999999745e-01
-9.982980000000000187e-01
-9.984720000000000262e-01
-9.986369999999999969e-01
-9.987920000000000131e-01
-9.989379999999999926e-01
-9.990750000000000464e-01
-9.992020000000000346e-01
-9.993189999999999573e-01
-9.994269999999999543e-01
-9.995260000000000256e-01
-9.996159999999999490e-01
-9.996960000000000290e-01
-9.997660000000000435e-01
-9.998270000000000213e-01
-9.998789999999999623e-01
-9.999219999999999775e-01
-9.999550000000000383e-01
-9.999780000000000335e-01
-9.999919999999999920e-01
-9.999970000000000248e-01
-9.999919999999999920e-01
-9.999780000000000335e-01
-9.999550000000000383e-01
-9.999219999999999775e-01
-9.998789999999999623e-01
-9.998270000000000213e-01
-9.997660000000000435e-01
-9.996960000000000290e-01
-9.996159999999999490e-01
-9.995260000000000256e-01
-9.994269999999999543e-01
-9.993189999999999573e-01
-9.992020000000000346e-01
-9.990750000000000464e-01
-9.989379999999999926e-01
-9.987920000000000131e-01
-9.986369999999999969e-01
-9.984720000000000262e-01
-9.982980000000000187e-01
-9.981149999999999745e-01
-9.979219999999999757e-01
-9.977200000000000513e-01
-9.975079999999999503e-01
-9.972870000000000346e-01
-9.970569999999999711e-01
-9.968169999999999531e-01
-9.965680000000000094e-01
-9.963090000000000002e-01
-9.960419999999999829e-01
-9.957639999999999825e-01
-9.954779999999999740e-01
-9.951820000000000110e-01
-9.948759999999999826e-01
-9.945610000000000284e-01
-9.942370000000000374e-01
-9.939040000000000097e-01
-9.935610000000000275e-01
-9.932090000000000085e-01
-9.928470000000000351e-01
-9.924760000000000248e-01
-9.920959999999999779e-01
-9.917070000000000052e-01
-9.913079999999999670e-01
-9.909000000000000030e-01
-9.904819999999999736e-01
-9.900550000000000184e-01
-9.896190000000000264e-01
-9.891729999999999690e-01
-9.887190000000000145e-01
-9.882539999999999658e-01
-9.877810000000000201e-01
-9.872980000000000089e-01
-9.868059999999999610e-01
-9.863049999999999873e-01
-9.857939999999999481e-01
-9.852750000000000119e-01
-9.847449999999999815e-01
-9.842070000000000540e-01
-9.836589999999999501e-01
-9.831020000000000314e-01
-9.825359999999999649e-01
-9.819609999999999728e-01
-9.813760000000000261e-01
-9.807820000000000427e-01
-9.801790000000000225e-01
-9.795669999999999655e-01
-9.789449999999999541e-01
-9.783140000000000169e-01
-9.776740000000000430e-01
-9.770250000000000323e-01
-9.763669999999999849e-01
-9.756989999999999830e-01
-9.750220000000000553e-01
-9.743359999999999799e-01
-9.736409999999999787e-01
-9.729370000000000518e-01
-9.722229999999999484e-01
-9.715009999999999479e-01
-9.707689999999999930e-01
-9.700280000000000014e-01
-9.692779999999999729e-01
-9.685190000000000188e-01
-9.677510000000000279e-01
-9.669729999999999714e-01
-9.661870000000000180e-01
-9.653909999999999991e-01
-9.645869999999999722e-01
-9.637729999999999908e-01
-9.629499999999999726e-01
-9.621180000000000287e-01
-9.612770000000000481e-01
-9.604279999999999484e-01
-9.595690000000000053e-01
-9.586999999999999966e-01
-9.578229999999999800e-01
-9.569370000000000376e-01
-9.560419999999999474e-01
-9.551380000000000425e-01
-9.542249999999999899e-01
-9.533030000000000115e-01
-9.523719999999999963e-01
-9.514320000000000555e-01
-9.504829999999999668e-01
-9.495249999999999524e-01
-9.485580000000000123e-01
-9.475829999999999531e-01
-9.465980000000000505e-01
-9.456040000000000001e-01
-9.446020000000000527e-01
-9.435909999999999576e-01
-9.425700000000000189e-01
-9.415409999999999613e-01
-9.405029999999999779e-01
-9.394559999999999578e-01
-9.384010000000000407e-01
-9.373359999999999470e-01
-9.362629999999999564e-01
-9.351810000000000400e-01
-9.340899999999999759e-01
-9.329899999999999860e-01
-9.318809999999999594e-01
-9.307640000000000358e-01
-9.296379999999999644e-01
-9.285029999999999673e-01
-9.273599999999999621e-01
-9.262070000000000025e-01
-9.250460000000000349e-01
-9.238769999999999483e-01
-9.226980000000000182e-01
-9.215109999999999690e-01
-9.203149999999999942e-01
-9.191110000000000113e-01
-9.178979999999999917e-01
-9.166760000000000463e-01
-9.154459999999999820e-01
-9.142069999999999919e-01
-9.129589999999999650e-01
-9.117030000000000411e-01
-9.104379999999999695e-01
-9.091650000000000009e-01
-9.078829999999999956e-01
-9.065929999999999822e-01
-9.052940000000000431e-01
-9.039859999999999562e-01
-9.026699999999999724e-01
-9.013459999999999805e-01
-9.000129999999999519e-01
-8.986720000000000264e-01
-8.973219999999999530e-01
-8.959629999999999539e-01
-8.945969999999999756e-01
-8.932219999999999605e-01
-8.918380000000000196e-01
-8.904459999999999598e-01
-8.890460000000000029e-01
-8.876370000000000093e-01
-8.862200000000000077e-01
-8.847939999999999694e-01
-8.833609999999999518e-01
-8.819190000000000085e-01
-8.804680000000000284e-01
-8.790090000000000403e-01
-8.775429999999999620e-01
-8.760670000000000401e-01
-8.745840000000000281e-01
-8.730919999999999792e-01
-8.715920000000000334e-01
-8.700839999999999685e-01
-8.685680000000000067e-01
-8.670440000000000369e-01
-8.655110000000000303e-01
-8.639700000000000157e-01
-8.624209999999999932e-01
-8.608639999999999626e-01
-8.592990000000000350e-01
-8.577259999999999884e-01
-8.561450000000000449e-01
-8.545549999999999535e-01
-8.529579999999999940e-01
-8.513530000000000264e-01
-8.497390000000000221e-01
-8.481180000000000385e-01
-8.464880000000000182e-01
-8.448510000000000186e-01
-8.432060000000000111e-01
-8.415519999999999667e-01
-8.398910000000000542e-01
-8.382220000000000226e-01
-8.365449999999999831e-01
-8.348600000000000465e-01
-8.331680000000000197e-01
-8.314669999999999561e-01
-8.297590000000000243e-01
-8.280419999999999447e-01
-8.263179999999999970e-01
-8.245869999999999589e-01
-8.228469999999999951e-01
-8.211000000000000520e-01
-8.193449999999999900e-01
-8.175820000000000309e-01
-8.158119999999999816e-01
-8.140340000000000353e-01
-8.122479999999999700e-01
-8.104550000000000365e-01
-8.086539999999999839e-01
-8.068450000000000344e-01
-8.050289999999999946e-01
-8.032049999999999468e-01
-8.013740000000000308e-01
-7.995349999999999957e-01
-7.976879999999999526e-01
-7.958340000000000414e-01
-7.939730000000000398e-01
-7.921040000000000303e-01
-7.902280000000000415e-01
-7.883440000000000447e-01
-7.864529999999999577e-01
-7.845539999999999736e-01
-7.826480000000000103e-01
-7.807349999999999568e-01
-7.788140000000000063e-01
-7.768859999999999655e-01
-7.749509999999999454e-01
-7.730080000000000284e-01
-7.710580000000000211e-01
-7.691010000000000346e-01
-7.671369999999999578e-01
-7.651649999999999840e-01
-7.631860000000000310e-01
-7.611999999999999877e-01
-7.592069999999999652e-01
-7.572060000000000457e-01
-7.551989999999999537e-01
-7.531839999999999646e-01
-7.511630000000000251e-01
-7.491339999999999666e-01
-7.470980000000000398e-01
-7.450550000000000228e-01
-7.430060000000000553e-01
-7.409489999999999688e-01
-7.388850000000000140e-01
-7.368139999999999690e-01
-7.347369999999999735e-01
-7.326519999999999699e-01
-7.305599999999999872e-01
-7.284620000000000539e-01
-7.263570000000000304e-01
-7.242450000000000276e-01
-7.221260000000000456e-01
-7.199999999999999734e-01
-7.178679999999999506e-01
-7.157289999999999486e-01
-7.135829999999999673e-01
-7.114300000000000068e-01
-7.092709999999999848e-01
-7.071049999999999836e-01
-7.049320000000000030e-01
-7.027529999999999610e-01
-7.005670000000000508e-01
-6.983740000000000503e-01
-6.961749999999999883e-01
-6.939689999999999470e-01
-6.917569999999999553e-01
-6.895379999999999843e-01
-6.873129999999999518e-01
-6.850819999999999688e-01
-6.828429999999999778e-01
-6.805989999999999540e-01
-6.783479999999999510e-01
-6.760909999999999975e-01
-6.738269999999999538e-01
-6.715569999999999595e-01
-6.692799999999999860e-01
-6.669979999999999798e-01
-6.647089999999999943e-01
-6.624139999999999473e-01
-6.601120000000000321e-01
-6.578049999999999731e-01
-6.554910000000000458e-01
-6.531709999999999461e-01
-6.508450000000000069e-01
-6.485119999999999774e-01
-6.461740000000000261e-01
-6.438300000000000134e-01
-6.414790000000000214e-01
-6.391219999999999679e-01
-6.367599999999999927e-01
-6.343910000000000382e-01
-6.320170000000000510e-01
-6.296359999999999735e-01
-6.272499999999999742e-01
-6.248580000000000245e-01
-6.224589999999999845e-01
-6.200550000000000228e-01
-6.176449999999999996e-01
-6.152300000000000546e-01
-6.128080000000000194e-01
-6.103809999999999514e-01
-6.079480000000000439e-01
-6.055089999999999639e-01
-6.030649999999999622e-01
-6.006150000000000100e-01
-5.981589999999999963e-01
-5.956970000000000320e-01
-5.932300000000000351e-01
-5.907580000000000053e-01
-5.882800000000000251e-01
-5.857959999999999834e-01
-5.833070000000000199e-01
-5.808119999999999949e-01
-5.783120000000000482e-01
-5.758060000000000400e-01
-5.732949999999999990e-01
-5.707790000000000363e-01
-5.682570000000000121e-01
-5.657299999999999551e-01
-5.631979999999999764e-01
-5.606600000000000472e-01
-5.581169999999999742e-01
-5.555679999999999508e-01
-5.530150000000000343e-01
-5.504559999999999453e-01
-5.478920000000000456e-01
-5.453230000000000022e-01
-5.427490000000000370e-01
-5.401700000000000390e-01
-5.375849999999999795e-01
-5.349960000000000271e-01
-5.324010000000000131e-01
-5.298019999999999952e-01
-5.271970000000000267e-01
-5.245880000000000543e-01
-5.219740000000000490e-01
-5.193539999999999823e-01
-5.167300000000000226e-01
-5.141010000000000302e-01
-5.114670000000000050e-01
-5.088289999999999758e-01
-5.061849999999999961e-01
-5.035370000000000124e-01
-5.008839999999999959e-01
-4.982260000000000022e-01
-4.955640000000000045e-01
-4.928969999999999740e-01
-4.902250000000000218e-01
-4.875490000000000101e-01
-4.848680000000000212e-01
-4.821819999999999995e-01
-4.794919999999999738e-01
-4.767979999999999996e-01
-4.740989999999999926e-01
-4.713950000000000085e-01
-4.686870000000000203e-01
-4.659749999999999726e-01
-4.632580000000000031e-01
-4.605369999999999742e-01
-4.578119999999999967e-01
-4.550819999999999865e-01
-4.523479999999999723e-01
-4.496100000000000096e-01
-4.468670000000000142e-01
-4.441209999999999880e-01
-4.413699999999999846e-01
-4.386149999999999771e-01
-4.358560000000000212e-01
-4.330919999999999770e-01
-4.303250000000000131e-01
-4.275539999999999896e-01
-4.247779999999999889e-01
-4.219990000000000130e-01
-4.192159999999999775e-01
-4.164280000000000204e-01
-4.136369999999999769e-01
-4.108419999999999850e-01
-4.080429999999999890e-01
-4.052399999999999891e-01
-4.024329999999999852e-01
-3.996230000000000060e-01
-3.968090000000000228e-01
-3.939909999999999801e-01
-3.911689999999999889e-01
-3.883440000000000225e-01
-3.855149999999999966e-01
-3.826820000000000221e-01
-3.798460000000000170e-01
-3.770060000000000078e-01
-3.741630000000000233e-01
-3.713159999999999794e-01
-3.684660000000000157e-01
-3.656119999999999925e-01
-3.627549999999999941e-01
-3.598939999999999917e-01
-3.570300000000000140e-01
-3.541619999999999768e-01
-3.512919999999999932e-01
-3.484180000000000055e-01
-3.455400000000000138e-01
-3.426600000000000201e-01
-3.397760000000000224e-01
-3.368889999999999940e-01
-3.339989999999999903e-01
-3.311049999999999827e-01
-3.282089999999999730e-01
-3.253090000000000148e-01
-3.224069999999999991e-01
-3.195009999999999795e-01
-3.165919999999999845e-01
-3.136809999999999876e-01
-3.107659999999999867e-01
-3.078489999999999838e-01
-3.049279999999999768e-01
-3.020050000000000234e-01
-2.990789999999999837e-01
-2.961500000000000243e-01
-2.932179999999999787e-01
-2.902839999999999865e-01
-2.873470000000000191e-01
-2.844070000000000209e-01
-2.814639999999999920e-01
-2.785190000000000166e-01
-2.755710000000000104e-01
-2.726210000000000022e-01
-2.696669999999999900e-01
-2.667120000000000046e-01
-2.637539999999999885e-01
-2.607929999999999970e-01
-2.578300000000000036e-01
-2.548650000000000082e-01
-2.518969999999999820e-01
-2.489270000000000094e-01
-2.459540000000000060e-01
-2.429790000000000005e-01
-2.400019999999999931e-01
-2.370230000000000115e-01
-2.340409999999999990e-01
-2.310570000000000124e-01
-2.280709999999999960e-01
-2.250830000000000053e-01
-2.220930000000000126e-01
-2.191009999999999902e-01
-2.161059999999999925e-01
-2.131099999999999939e-01
-2.101109999999999922e-01
-2.071109999999999896e-01
-2.041080000000000116e-01
-2.011040000000000050e-01
-1.980979999999999963e-01
-1.950900000000000134e-01
-1.920800000000000007e-01
-1.890680000000000138e-01
-1.860549999999999982e-01
-1.830390000000000073e-01
-1.800219999999999876e-01
-1.770039999999999947e-01
-1.739829999999999988e-01
-1.709610000000000019e-01
-1.679380000000000039e-01
-1.649130000000000040e-01
-1.618860000000000021e-01
-1.588579999999999992e-01
-1.558279999999999943e-01
-1.527969999999999884e-01
-1.497640000000000082e-01
-1.467299999999999993e-01
-1.436949999999999894e-01
-1.406580000000000052e-01
-1.376199999999999923e-01
-1.345800000000000052e-01
-1.315399999999999903e-01
-1.284980000000000011e-01
-1.254550000000000110e-01
-1.224100000000000049e-01
-1.193649999999999989e-01
-1.163180000000000047e-01
-1.132709999999999967e-01
-1.102220000000000005e-01
-1.071720000000000034e-01
-1.041210000000000052e-01
-1.010699999999999932e-01
-9.801700000000000690e-02
-9.496300000000000574e-02
-9.190900000000000458e-02
-8.885300000000000142e-02
-8.579699999999999827e-02
-8.273999999999999411e-02
-7.968200000000000283e-02
-7.662399999999999767e-02
-7.356400000000000439e-02
-7.050399999999999723e-02
-6.744400000000000395e-02
-6.438199999999999479e-02
-6.132100000000000051e-02
-5.825799999999999729e-02
-5.519500000000000101e-02
-5.213199999999999779e-02
-4.906800000000000050e-02
-4.600300000000000222e-02
-4.293799999999999700e-02
-3.987299999999999872e-02
-3.680699999999999944e-02
-3.374100000000000016e-02
-3.067500000000000088e-02
-2.760800000000000060e-02
-2.454100000000000031e-02
-2.147400000000000003e-02
-1.840699999999999975e-02
-1.533900000000000020e-02
-1.227100000000000066e-02
-9.204000000000000375e-03
-6.135999999999999961e-03
-3.067999999999999981e-03
