7.200000000000000453e-04
3.099000000000000192e-03
6.135999999999999961e-03
9.204000000000000375e-03
1.227199999999999992e-02
1.533900000000000020e-02
1.840699999999999975e-02
2.147400000000000003e-02
2.454100000000000031e-02
2.760800000000000060e-02
3.067500000000000088e-02
3.374100000000000016e-02
3.680699999999999944e-02
3.987299999999999872e-02
4.293799999999999700e-02
4.600300000000000222e-02
4.906800000000000050e-02
5.213199999999999779e-02
5.519500000000000101e-02
5.825799999999999729e-02
6.132100000000000051e-02
6.438199999999999479e-02
6.744400000000000395e-02
7.050399999999999723e-02
7.356400000000000439e-02
7.662399999999999767e-02
7.968200000000000283e-02
8.273999999999999411e-02
8.579699999999999827e-02
8.885300000000000142e-02
9.190900000000000458e-02
9.496300000000000574e-02
9.801700000000000690e-02
1.010699999999999932e-01
1.041210000000000052e-01
1.071720000000000034e-01
1.102220000000000005e-01
1.132709999999999967e-01
1.163180000000000047e-01
1.193649999999999989e-01
1.224100000000000049e-01
1.254550000000000110e-01
1.284980000000000011e-01
1.315399999999999903e-01
1.345800000000000052e-01
1.376199999999999923e-01
1.406580000000000052e-01
1.436949999999999894e-01
1.467299999999999993e-01
1.497640000000000082e-01
1.527969999999999884e-01
1.558279999999999943e-01
1.588579999999999992e-01
1.618860000000000021e-01
1.649130000000000040e-01
1.679380000000000039e-01
1.709610000000000019e-01
1.739829999999999988e-01
1.770039999999999947e-01
1.800219999999999876e-01
1.830390000000000073e-01
1.860549999999999982e-01
1.890680000000000138e-01
1.920800000000000007e-01
1.950900000000000134e-01
1.980979999999999963e-01
2.011040000000000050e-01
2.041080000000000116e-01
2.071109999999999896e-01
2.101109999999999922e-01
2.131099999999999939e-01
2.161059999999999925e-01
2.191009999999999902e-01
2.220930000000000126e-01
2.250830000000000053e-01
2.280719999999999970e-01
2.310580000000000134e-01
2.340409999999999990e-01
2.370230000000000115e-01
2.400019999999999931e-01
2.429800000000000015e-01
2.459540000000000060e-01
2.489270000000000094e-01
2.518969999999999820e-01
2.548650000000000082e-01
2.578300000000000036e-01
2.607929999999999970e-01
2.637539999999999885e-01
2.667120000000000046e-01
2.696680000000000188e-01
2.726210000000000022e-01
2.755710000000000104e-01
2.785190000000000166e-01
2.814639999999999920e-01
2.844070000000000209e-01
2.873470000000000191e-01
2.902839999999999865e-01
2.932179999999999787e-01
2.961500000000000243e-01
2.990789999999999837e-01
3.020050000000000234e-01
3.049279999999999768e-01
3.078489999999999838e-01
3.107659999999999867e-01
3.136809999999999876e-01
3.165930000000000133e-01
3.195009999999999795e-01
3.224069999999999991e-01
3.253099999999999881e-01
3.282089999999999730e-01
3.311060000000000114e-01
3.339989999999999903e-01
3.368889999999999940e-01
3.397760000000000224e-01
3.426600000000000201e-01
3.455400000000000138e-01
3.484180000000000055e-01
3.512919999999999932e-01
3.541630000000000056e-01
3.570300000000000140e-01
3.598939999999999917e-01
3.627549999999999941e-01
3.656119999999999925e-01
3.684660000000000157e-01
3.713159999999999794e-01
3.741630000000000233e-01
3.770069999999999810e-01
3.798460000000000170e-01
3.826829999999999954e-01
3.855149999999999966e-01
3.883440000000000225e-01
3.911689999999999889e-01
3.939909999999999801e-01
3.968090000000000228e-01
3.996230000000000060e-01
4.024340000000000139e-01
4.052399999999999891e-01
4.080429999999999890e-01
4.108419999999999850e-01
4.136369999999999769e-01
4.164289999999999936e-01
4.192159999999999775e-01
4.219990000000000130e-01
4.247790000000000177e-01
4.275539999999999896e-01
4.303250000000000131e-01
4.330930000000000057e-01
4.358560000000000212e-01
4.386149999999999771e-01
4.413699999999999846e-01
4.441209999999999880e-01
4.468679999999999874e-01
4.496100000000000096e-01
4.523479999999999723e-01
4.550819999999999865e-01
4.578119999999999967e-01
4.605380000000000029e-01
4.632589999999999764e-01
4.659749999999999726e-01
4.686879999999999935e-01
4.713959999999999817e-01
4.740989999999999926e-01
4.767979999999999996e-01
4.794930000000000025e-01
4.821829999999999727e-01
4.848680000000000212e-01
4.875490000000000101e-01
4.902250000000000218e-01
4.928969999999999740e-01
4.955640000000000045e-01
4.982260000000000022e-01
5.008839999999999959e-01
5.035370000000000124e-01
5.061849999999999961e-01
5.088289999999999758e-01
5.114680000000000337e-01
5.141019999999999479e-01
5.167310000000000514e-01
5.193550000000000111e-01
5.219740000000000490e-01
5.245880000000000543e-01
5.271980000000000555e-01
5.298019999999999952e-01
5.324020000000000419e-01
5.349960000000000271e-01
5.375860000000000083e-01
5.401700000000000390e-01
5.427490000000000370e-01
5.453240000000000309e-01
5.478929999999999634e-01
5.504569999999999741e-01
5.530150000000000343e-01
5.555689999999999795e-01
5.581169999999999742e-01
5.606600000000000472e-01
5.631979999999999764e-01
5.657299999999999551e-01
5.682580000000000409e-01
5.707790000000000363e-01
5.732960000000000278e-01
5.758069999999999578e-01
5.783120000000000482e-01
5.808130000000000237e-01
5.833070000000000199e-01
5.857959999999999834e-01
5.882800000000000251e-01
5.907580000000000053e-01
5.932309999999999528e-01
5.956979999999999498e-01
5.981589999999999963e-01
6.006150000000000100e-01
6.030649999999999622e-01
6.055099999999999927e-01
6.079480000000000439e-01
6.103809999999999514e-01
6.128090000000000481e-01
6.152300000000000546e-01
6.176460000000000283e-01
6.200560000000000516e-01
6.224600000000000133e-01
6.248580000000000245e-01
6.272499999999999742e-01
6.296370000000000022e-01
6.320170000000000510e-01
6.343919999999999559e-01
6.367599999999999927e-01
6.391229999999999967e-01
6.414790000000000214e-01
6.438300000000000134e-01
6.461740000000000261e-01
6.485130000000000061e-01
6.508450000000000069e-01
6.531709999999999461e-01
6.554910000000000458e-01
6.578049999999999731e-01
6.601129999999999498e-01
6.624139999999999473e-01
6.647089999999999943e-01
6.669979999999999798e-01
6.692810000000000148e-01
6.715569999999999595e-01
6.738269999999999538e-01
6.760909999999999975e-01
6.783479999999999510e-01
6.805989999999999540e-01
6.828440000000000065e-01
6.850819999999999688e-01
6.873139999999999805e-01
6.895390000000000130e-01
6.917579999999999840e-01
6.939699999999999758e-01
6.961749999999999883e-01
6.983749999999999680e-01
7.005670000000000508e-01
7.027529999999999610e-01
7.049320000000000030e-01
7.071049999999999836e-01
7.092709999999999848e-01
7.114300000000000068e-01
7.135829999999999673e-01
7.157289999999999486e-01
7.178679999999999506e-01
7.200010000000000021e-01
7.221260000000000456e-01
7.242450000000000276e-01
7.263570000000000304e-01
7.284629999999999717e-01
7.305610000000000159e-01
7.326529999999999987e-01
7.347369999999999735e-01
7.368149999999999977e-01
7.388860000000000428e-01
7.409489999999999688e-01
7.430060000000000553e-01
7.450560000000000516e-01
7.470989999999999576e-01
7.491349999999999953e-01
7.511630000000000251e-01
7.531849999999999934e-01
7.551999999999999824e-01
7.572069999999999634e-01
7.592069999999999652e-01
7.612010000000000165e-01
7.631869999999999488e-01
7.651649999999999840e-01
7.671369999999999578e-01
7.691010000000000346e-01
7.710590000000000499e-01
7.730089999999999462e-01
7.749509999999999454e-01
7.768869999999999942e-01
7.788150000000000350e-01
7.807349999999999568e-01
7.826490000000000391e-01
7.845550000000000024e-01
7.864529999999999577e-01
7.883449999999999624e-01
7.902280000000000415e-01
7.921049999999999480e-01
7.939739999999999576e-01
7.958349999999999591e-01
7.976889999999999814e-01
7.995349999999999957e-01
8.013740000000000308e-01
8.032059999999999755e-01
8.050289999999999946e-01
8.068459999999999521e-01
8.086539999999999839e-01
8.104550000000000365e-01
8.122489999999999988e-01
8.140340000000000353e-01
8.158119999999999816e-01
8.175829999999999487e-01
8.193460000000000187e-01
8.211009999999999698e-01
8.228480000000000238e-01
8.245869999999999589e-01
8.263190000000000257e-01
8.280429999999999735e-01
8.297590000000000243e-01
8.314679999999999849e-01
8.331680000000000197e-01
8.348609999999999642e-01
8.365460000000000118e-01
8.382230000000000514e-01
8.398919999999999719e-01
8.415529999999999955e-01
8.432060000000000111e-01
8.448520000000000474e-01
8.464890000000000470e-01
8.481180000000000385e-01
8.497400000000000508e-01
8.513530000000000264e-01
8.529590000000000227e-01
8.545559999999999823e-01
8.561450000000000449e-01
8.577270000000000172e-01
8.592999999999999527e-01
8.608649999999999913e-01
8.624220000000000219e-01
8.639710000000000445e-01
8.655119999999999481e-01
8.670440000000000369e-01
8.685690000000000355e-01
8.700849999999999973e-01
8.715929999999999511e-01
8.730930000000000080e-01
8.745849999999999458e-01
8.760679999999999579e-01
8.775429999999999620e-01
8.790099999999999580e-01
8.804689999999999461e-01
8.819190000000000085e-01
8.833609999999999518e-01
8.847949999999999982e-01
8.862200000000000077e-01
8.876370000000000093e-01
8.890460000000000029e-01
8.904469999999999885e-01
8.918390000000000484e-01
8.932219999999999605e-01
8.945969999999999756e-01
8.959639999999999826e-01
8.973219999999999530e-01
8.986720000000000264e-01
9.000139999999999807e-01
9.013470000000000093e-01
9.026710000000000012e-01
9.039869999999999850e-01
9.052949999999999608e-01
9.065940000000000110e-01
9.078840000000000243e-01
9.091660000000000297e-01
9.104389999999999983e-01
9.117039999999999589e-01
9.129599999999999937e-01
9.142080000000000206e-01
9.154470000000000107e-01
9.166769999999999641e-01
9.178990000000000204e-01
9.191120000000000401e-01
9.203160000000000229e-01
9.215119999999999978e-01
9.226990000000000469e-01
9.238769999999999483e-01
9.250469999999999526e-01
9.262080000000000313e-01
9.273599999999999621e-01
9.285039999999999960e-01
9.296389999999999931e-01
9.307649999999999535e-01
9.318819999999999881e-01
9.329910000000000148e-01
9.340899999999999759e-01
9.351810000000000400e-01
9.362629999999999564e-01
9.373369999999999758e-01
9.384010000000000407e-01
9.394569999999999865e-01
9.405040000000000067e-01
9.415419999999999900e-01
9.425710000000000477e-01
9.435909999999999576e-01
9.446029999999999704e-01
9.456050000000000288e-01
9.465989999999999682e-01
9.475829999999999531e-01
9.485590000000000410e-01
9.495259999999999811e-01
9.504839999999999955e-01
9.514329999999999732e-01
9.523730000000000251e-01
9.533040000000000402e-01
9.542260000000000186e-01
9.551389999999999603e-01
9.560429999999999762e-01
9.569379999999999553e-01
9.578240000000000087e-01
9.587010000000000254e-01
9.595690000000000053e-01
9.604279999999999484e-01
9.612779999999999658e-01
9.621189999999999465e-01
9.629510000000000014e-01
9.637740000000000196e-01
9.645869999999999722e-01
9.653920000000000279e-01
9.661880000000000468e-01
9.669740000000000002e-01
9.677519999999999456e-01
9.685200000000000475e-01
9.692790000000000017e-01
9.700290000000000301e-01
9.707700000000000218e-01
9.715019999999999767e-01
9.722239999999999771e-01
9.729379999999999695e-01
9.736420000000000075e-01
9.743370000000000086e-01
9.750229999999999730e-01
9.757000000000000117e-01
9.763669999999999849e-01
9.770259999999999501e-01
9.776749999999999607e-01
9.783150000000000457e-01
9.789459999999999829e-01
9.795669999999999655e-01
9.801800000000000512e-01
9.807829999999999604e-01
9.813770000000000548e-01
9.819620000000000015e-01
9.825369999999999937e-01
9.831029999999999491e-01
9.836599999999999788e-01
9.842079999999999718e-01
9.847460000000000102e-01
9.852750000000000119e-01
9.857949999999999768e-01
9.863060000000000160e-01
9.868069999999999897e-01
9.872990000000000377e-01
9.877820000000000489e-01
9.882549999999999946e-01
9.887190000000000145e-01
9.891739999999999977e-01
9.896200000000000552e-01
9.900560000000000471e-01
9.904830000000000023e-01
9.909000000000000030e-01
9.913079999999999670e-01
9.917070000000000052e-01
9.920970000000000066e-01
9.924770000000000536e-01
9.928479999999999528e-01
9.932100000000000373e-01
9.935619999999999452e-01
9.939050000000000384e-01
9.942379999999999551e-01
9.945619999999999461e-01
9.948770000000000113e-01
9.951820000000000110e-01
9.954779999999999740e-01
9.957650000000000112e-01
9.960419999999999829e-01
9.963100000000000289e-01
9.965690000000000381e-01
9.968179999999999819e-01
9.970579999999999998e-01
9.972879999999999523e-01
9.975089999999999790e-01
9.977209999999999690e-01
9.979230000000000045e-01
9.981160000000000032e-01
9.982990000000000475e-01
9.984730000000000549e-01
9.986380000000000257e-01
9.987930000000000419e-01
9.989390000000000214e-01
9.990750000000000464e-01
9.992020000000000346e-01
9.993199999999999861e-01
9.994279999999999831e-01
9.995270000000000543e-01
9.996159999999999490e-01
9.996960000000000290e-01
9.997669999999999613e-01
9.998280000000000500e-01
9.998799999999999910e-01
9.999219999999999775e-01
9.999550000000000383e-01
9.999789999999999512e-01
9.999930000000000208e-01
9.999980000000000535e-01
9.999930000000000208e-01
9.999789999999999512e-01
9.999550000000000383e-01
9.999219999999999775e-01
9.998799999999999910e-01
9.998280000000000500e-01
9.997669999999999613e-01
9.996960000000000290e-01
9.996159999999999490e-01
9.995270000000000543e-01
9.994279999999999831e-01
9.993199999999999861e-01
9.992020000000000346e-01
9.990750000000000464e-01
9.989390000000000214e-01
9.987930000000000419e-01
9.986380000000000257e-01
9.984730000000000549e-01
9.982990000000000475e-01
9.981160000000000032e-01
9.979230000000000045e-01
9.977209999999999690e-01
9.975089999999999790e-01
9.972879999999999523e-01
9.970579999999999998e-01
9.968179999999999819e-01
9.965690000000000381e-01
9.963100000000000289e-01
9.960419999999999829e-01
9.957650000000000112e-01
9.954779999999999740e-01
9.951820000000000110e-01
9.948770000000000113e-01
9.945619999999999461e-01
9.942379999999999551e-01
9.939050000000000384e-01
9.935619999999999452e-01
9.932100000000000373e-01
9.928479999999999528e-01
9.924770000000000536e-01
9.920970000000000066e-01
9.917070000000000052e-01
9.913079999999999670e-01
9.909000000000000030e-01
9.904830000000000023e-01
9.900560000000000471e-01
9.896200000000000552e-01
9.891739999999999977e-01
9.887190000000000145e-01
9.882549999999999946e-01
9.877820000000000489e-01
9.872990000000000377e-01
9.868069999999999897e-01
9.863060000000000160e-01
9.857949999999999768e-01
9.852750000000000119e-01
9.847460000000000102e-01
9.842079999999999718e-01
9.836599999999999788e-01
9.831029999999999491e-01
9.825369999999999937e-01
9.819620000000000015e-01
9.813770000000000548e-01
9.807829999999999604e-01
9.801800000000000512e-01
9.795669999999999655e-01
9.789459999999999829e-01
9.783150000000000457e-01
9.776749999999999607e-01
9.770259999999999501e-01
9.763669999999999849e-01
9.757000000000000117e-01
9.750229999999999730e-01
9.743370000000000086e-01
9.736420000000000075e-01
9.729379999999999695e-01
9.722239999999999771e-01
9.715019999999999767e-01
9.707700000000000218e-01
9.700290000000000301e-01
9.692790000000000017e-01
9.685200000000000475e-01
9.677519999999999456e-01
9.669740000000000002e-01
9.661880000000000468e-01
9.653920000000000279e-01
9.645869999999999722e-01
9.637740000000000196e-01
9.629510000000000014e-01
9.621189999999999465e-01
9.612779999999999658e-01
9.604279999999999484e-01
9.595690000000000053e-01
9.587010000000000254e-01
9.578240000000000087e-01
9.569379999999999553e-01
9.560429999999999762e-01
9.551389999999999603e-01
9.542260000000000186e-01
9.533040000000000402e-01
9.523730000000000251e-01
9.514329999999999732e-01
9.504839999999999955e-01
9.495259999999999811e-01
9.485590000000000410e-01
9.475829999999999531e-01
9.465989999999999682e-01
9.456050000000000288e-01
9.446029999999999704e-01
9.435909999999999576e-01
9.425710000000000477e-01
9.415419999999999900e-01
9.405040000000000067e-01
9.394569999999999865e-01
9.384010000000000407e-01
9.373369999999999758e-01
9.362629999999999564e-01
9.351810000000000400e-01
9.340899999999999759e-01
9.329910000000000148e-01
9.318819999999999881e-01
9.307649999999999535e-01
9.296389999999999931e-01
9.285039999999999960e-01
9.273599999999999621e-01
9.262080000000000313e-01
9.250469999999999526e-01
9.238769999999999483e-01
9.226990000000000469e-01
9.215119999999999978e-01
9.203160000000000229e-01
9.191120000000000401e-01
9.178990000000000204e-01
9.166769999999999641e-01
9.154470000000000107e-01
9.142080000000000206e-01
9.129599999999999937e-01
9.117039999999999589e-01
9.104389999999999983e-01
9.091660000000000297e-01
9.078840000000000243e-01
9.065940000000000110e-01
9.052949999999999608e-01
9.039869999999999850e-01
9.026710000000000012e-01
9.013470000000000093e-01
9.000139999999999807e-01
8.986720000000000264e-01
8.973219999999999530e-01
8.959639999999999826e-01
8.945969999999999756e-01
8.932219999999999605e-01
8.918390000000000484e-01
8.904469999999999885e-01
8.890460000000000029e-01
8.876370000000000093e-01
8.862200000000000077e-01
8.847949999999999982e-01
8.833609999999999518e-01
8.819190000000000085e-01
8.804689999999999461e-01
8.790099999999999580e-01
8.775429999999999620e-01
8.760679999999999579e-01
8.745849999999999458e-01
8.730930000000000080e-01
8.715929999999999511e-01
8.700849999999999973e-01
8.685690000000000355e-01
8.670440000000000369e-01
8.655119999999999481e-01
8.639710000000000445e-01
8.624220000000000219e-01
8.608649999999999913e-01
8.592999999999999527e-01
8.577270000000000172e-01
8.561450000000000449e-01
8.545559999999999823e-01
8.529590000000000227e-01
8.513530000000000264e-01
8.497400000000000508e-01
8.481180000000000385e-01
8.464890000000000470e-01
8.448520000000000474e-01
8.432060000000000111e-01
8.415529999999999955e-01
8.398919999999999719e-01
8.382230000000000514e-01
8.365460000000000118e-01
8.348609999999999642e-01
8.331680000000000197e-01
8.314679999999999849e-01
8.297590000000000243e-01
8.280429999999999735e-01
8.263190000000000257e-01
8.245869999999999589e-01
8.228480000000000238e-01
8.211009999999999698e-01
8.193460000000000187e-01
8.175829999999999487e-01
8.158119999999999816e-01
8.140340000000000353e-01
8.122489999999999988e-01
8.104550000000000365e-01
8.086539999999999839e-01
8.068459999999999521e-01
8.050289999999999946e-01
8.032059999999999755e-01
8.013740000000000308e-01
7.995349999999999957e-01
7.976889999999999814e-01
7.958349999999999591e-01
7.939739999999999576e-01
7.921049999999999480e-01
7.902280000000000415e-01
7.883449999999999624e-01
7.864529999999999577e-01
7.845550000000000024e-01
7.826490000000000391e-01
7.807349999999999568e-01
7.788150000000000350e-01
7.768869999999999942e-01
7.749509999999999454e-01
7.730089999999999462e-01
7.710590000000000499e-01
7.691010000000000346e-01
7.671369999999999578e-01
7.651649999999999840e-01
7.631869999999999488e-01
7.612010000000000165e-01
7.592069999999999652e-01
7.572069999999999634e-01
7.551999999999999824e-01
7.531849999999999934e-01
7.511630000000000251e-01
7.491349999999999953e-01
7.470989999999999576e-01
7.450560000000000516e-01
7.430060000000000553e-01
7.409489999999999688e-01
7.388860000000000428e-01
7.368149999999999977e-01
7.347369999999999735e-01
7.326529999999999987e-01
7.305610000000000159e-01
7.284629999999999717e-01
7.263570000000000304e-01
7.242450000000000276e-01
7.221260000000000456e-01
7.200010000000000021e-01
7.178679999999999506e-01
7.157289999999999486e-01
7.135829999999999673e-01
7.114300000000000068e-01
7.092709999999999848e-01
7.071049999999999836e-01
7.049320000000000030e-01
7.027529999999999610e-01
7.005670000000000508e-01
6.983749999999999680e-01
6.961749999999999883e-01
6.939699999999999758e-01
6.917579999999999840e-01
6.895390000000000130e-01
6.873139999999999805e-01
6.850819999999999688e-01
6.828440000000000065e-01
6.805989999999999540e-01
6.783479999999999510e-01
6.760909999999999975e-01
6.738269999999999538e-01
6.715569999999999595e-01
6.692810000000000148e-01
6.669979999999999798e-01
6.647089999999999943e-01
6.624139999999999473e-01
6.601129999999999498e-01
6.578049999999999731e-01
6.554910000000000458e-01
6.531709999999999461e-01
6.508450000000000069e-01
6.485130000000000061e-01
6.461740000000000261e-01
6.438300000000000134e-01
6.414790000000000214e-01
6.391229999999999967e-01
6.367599999999999927e-01
6.343919999999999559e-01
6.320170000000000510e-01
6.296370000000000022e-01
6.272499999999999742e-01
6.248580000000000245e-01
6.224600000000000133e-01
6.200560000000000516e-01
6.176460000000000283e-01
6.152300000000000546e-01
6.128090000000000481e-01
6.103809999999999514e-01
6.079480000000000439e-01
6.055099999999999927e-01
6.030649999999999622e-01
6.006150000000000100e-01
5.981589999999999963e-01
5.956979999999999498e-01
5.932309999999999528e-01
5.907580000000000053e-01
5.882800000000000251e-01
5.857959999999999834e-01
5.833070000000000199e-01
5.808130000000000237e-01
5.783120000000000482e-01
5.758069999999999578e-01
5.732960000000000278e-01
5.707790000000000363e-01
5.682580000000000409e-01
5.657299999999999551e-01
5.631979999999999764e-01
5.606600000000000472e-01
5.581169999999999742e-01
5.555689999999999795e-01
5.530150000000000343e-01
5.504569999999999741e-01
5.478929999999999634e-01
5.453240000000000309e-01
5.427490000000000370e-01
5.401700000000000390e-01
5.375860000000000083e-01
5.349960000000000271e-01
5.324020000000000419e-01
5.298019999999999952e-01
5.271980000000000555e-01
5.245880000000000543e-01
5.219740000000000490e-01
5.193550000000000111e-01
5.167310000000000514e-01
5.141019999999999479e-01
5.114680000000000337e-01
5.088289999999999758e-01
5.061849999999999961e-01
5.035370000000000124e-01
5.008839999999999959e-01
4.982260000000000022e-01
4.955640000000000045e-01
4.928969999999999740e-01
4.902250000000000218e-01
4.875490000000000101e-01
4.848680000000000212e-01
4.821829999999999727e-01
4.794930000000000025e-01
4.767979999999999996e-01
4.740989999999999926e-01
4.713959999999999817e-01
4.686879999999999935e-01
4.659749999999999726e-01
4.632589999999999764e-01
4.605380000000000029e-01
4.578119999999999967e-01
4.550819999999999865e-01
4.523479999999999723e-01
4.496100000000000096e-01
4.468679999999999874e-01
4.441209999999999880e-01
4.413699999999999846e-01
4.386149999999999771e-01
4.358560000000000212e-01
4.330930000000000057e-01
4.303250000000000131e-01
4.275539999999999896e-01
4.247790000000000177e-01
4.219990000000000130e-01
4.192159999999999775e-01
4.164289999999999936e-01
4.136369999999999769e-01
4.108419999999999850e-01
4.080429999999999890e-01
4.052399999999999891e-01
4.024340000000000139e-01
3.996230000000000060e-01
3.968090000000000228e-01
3.939909999999999801e-01
3.911689999999999889e-01
3.883440000000000225e-01
3.855149999999999966e-01
3.826829999999999954e-01
3.798460000000000170e-01
3.770069999999999810e-01
3.741630000000000233e-01
3.713159999999999794e-01
3.684660000000000157e-01
3.656119999999999925e-01
3.627549999999999941e-01
3.598939999999999917e-01
3.570300000000000140e-01
3.541630000000000056e-01
3.512919999999999932e-01
3.484180000000000055e-01
3.455400000000000138e-01
3.426600000000000201e-01
3.397760000000000224e-01
3.368889999999999940e-01
3.339989999999999903e-01
3.311060000000000114e-01
3.282089999999999730e-01
3.253099999999999881e-01
3.224069999999999991e-01
3.195009999999999795e-01
3.165930000000000133e-01
3.136809999999999876e-01
3.107659999999999867e-01
3.078489999999999838e-01
3.049279999999999768e-01
3.020050000000000234e-01
2.990789999999999837e-01
2.961500000000000243e-01
2.932179999999999787e-01
2.902839999999999865e-01
2.873470000000000191e-01
2.844070000000000209e-01
2.814639999999999920e-01
2.785190000000000166e-01
2.755710000000000104e-01
2.726210000000000022e-01
2.696680000000000188e-01
2.667120000000000046e-01
2.637539999999999885e-01
2.607929999999999970e-01
2.578300000000000036e-01
2.548650000000000082e-01
2.518969999999999820e-01
2.489270000000000094e-01
2.459540000000000060e-01
2.429800000000000015e-01
2.400019999999999931e-01
2.370230000000000115e-01
2.340409999999999990e-01
2.310580000000000134e-01
2.280719999999999970e-01
2.250830000000000053e-01
2.220930000000000126e-01
2.191009999999999902e-01
2.161059999999999925e-01
2.131099999999999939e-01
2.101109999999999922e-01
2.071109999999999896e-01
2.041080000000000116e-01
2.011040000000000050e-01
1.980979999999999963e-01
1.950900000000000134e-01
1.920800000000000007e-01
1.890680000000000138e-01
1.860549999999999982e-01
1.830390000000000073e-01
1.800219999999999876e-01
1.770039999999999947e-01
1.739829999999999988e-01
1.709610000000000019e-01
1.679380000000000039e-01
1.649130000000000040e-01
1.618860000000000021e-01
1.588579999999999992e-01
1.558279999999999943e-01
1.527969999999999884e-01
1.497640000000000082e-01
1.467299999999999993e-01
1.436949999999999894e-01
1.406580000000000052e-01
1.376199999999999923e-01
1.345800000000000052e-01
1.315399999999999903e-01
1.284980000000000011e-01
1.254550000000000110e-01
1.224100000000000049e-01
1.193649999999999989e-01
1.163180000000000047e-01
1.132709999999999967e-01
1.102220000000000005e-01
1.071720000000000034e-01
1.041210000000000052e-01
1.010699999999999932e-01
9.801700000000000690e-02
9.496300000000000574e-02
9.190900000000000458e-02
8.885300000000000142e-02
8.579699999999999827e-02
8.273999999999999411e-02
7.968200000000000283e-02
7.662399999999999767e-02
7.356400000000000439e-02
7.050399999999999723e-02
6.744400000000000395e-02
6.438199999999999479e-02
6.132100000000000051e-02
5.825799999999999729e-02
5.519500000000000101e-02
5.213199999999999779e-02
4.906800000000000050e-02
4.600300000000000222e-02
4.293799999999999700e-02
3.987299999999999872e-02
3.680699999999999944e-02
3.374100000000000016e-02
3.067500000000000088e-02
2.760800000000000060e-02
2.454100000000000031e-02
2.147400000000000003e-02
1.840699999999999975e-02
1.533900000000000020e-02
1.227199999999999992e-02
9.204000000000000375e-03
6.135999999999999961e-03
3.067999999999999981e-03
0.000000000000000000e+00
-3.067999999999999981e-03
-6.135999999999999961e-03
-9.204000000000000375e-03
-1.227199999999999992e-02
-1.533900000000000020e-02
-1.840699999999999975e-02
-2.147400000000000003e-02
-2.454100000000000031e-02
-2.760800000000000060e-02
-3.067500000000000088e-02
-3.374100000000000016e-02
-3.680699999999999944e-02
-3.987299999999999872e-02
-4.293799999999999700e-02
-4.600300000000000222e-02
-4.906800000000000050e-02
-5.213199999999999779e-02
-5.519500000000000101e-02
-5.825799999999999729e-02
-6.132100000000000051e-02
-6.438199999999999479e-02
-6.744400000000000395e-02
-7.050399999999999723e-02
-7.356400000000000439e-02
-7.662399999999999767e-02
-7.968200000000000283e-02
-8.273999999999999411e-02
-8.579699999999999827e-02
-8.885300000000000142e-02
-9.190900000000000458e-02
-9.496300000000000574e-02
-9.801700000000000690e-02
-1.010699999999999932e-01
-1.041210000000000052e-01
-1.071720000000000034e-01
-1.102220000000000005e-01
-1.132709999999999967e-01
-1.163180000000000047e-01
-1.193649999999999989e-01
-1.224100000000000049e-01
-1.254550000000000110e-01
-1.284980000000000011e-01
-1.315399999999999903e-01
-1.345800000000000052e-01
-1.376199999999999923e-01
-1.406580000000000052e-01
-1.436949999999999894e-01
-1.467299999999999993e-01
-1.497640000000000082e-01
-1.527969999999999884e-01
-1.558279999999999943e-01
-1.588579999999999992e-01
-1.618860000000000021e-01
-1.649130000000000040e-01
-1.679380000000000039e-01
-1.709610000000000019e-01
-1.739829999999999988e-01
-1.770039999999999947e-01
-1.800219999999999876e-01
-1.830390000000000073e-01
-1.860549999999999982e-01
-1.890680000000000138e-01
-1.920800000000000007e-01
-1.950900000000000134e-01
-1.980979999999999963e-01
-2.011040000000000050e-01
-2.041080000000000116e-01
-2.071109999999999896e-01
-2.101109999999999922e-01
-2.131099999999999939e-01
-2.161059999999999925e-01
-2.191009999999999902e-01
-2.220930000000000126e-01
-2.250830000000000053e-01
-2.280719999999999970e-01
-2.310580000000000134e-01
-2.340409999999999990e-01
-2.370230000000000115e-01
-2.400019999999999931e-01
-2.429800000000000015e-01
-2.459540000000000060e-01
-2.489270000000000094e-01
-2.518969999999999820e-01
-2.548650000000000082e-01
-2.578300000000000036e-01
-2.607929999999999970e-01
-2.637539999999999885e-01
-2.667120000000000046e-01
-2.696680000000000188e-01
-2.726210000000000022e-01
-2.755710000000000104e-01
-2.785190000000000166e-01
-2.814639999999999920e-01
-2.844070000000000209e-01
-2.873470000000000191e-01
-2.902839999999999865e-01
-2.932179999999999787e-01
-2.961500000000000243e-01
-2.990789999999999837e-01
-3.020050000000000234e-01
-3.049279999999999768e-01
-3.078489999999999838e-01
-3.107659999999999867e-01
-3.136809999999999876e-01
-3.165930000000000133e-01
-3.195009999999999795e-01
-3.224069999999999991e-01
-3.253099999999999881e-01
-3.282089999999999730e-01
-3.311060000000000114e-01
-3.339989999999999903e-01
-3.368889999999999940e-01
-3.397760000000000224e-01
-3.426600000000000201e-01
-3.455400000000000138e-01
-3.484180000000000055e-01
-3.512919999999999932e-01
-3.541630000000000056e-01
-3.570300000000000140e-01
-3.598939999999999917e-01
-3.627549999999999941e-01
-3.656119999999999925e-01
-3.684660000000000157e-01
-3.713159999999999794e-01
-3.741630000000000233e-01
-3.770069999999999810e-01
-3.798460000000000170e-01
-3.826829999999999954e-01
-3.855149999999999966e-01
-3.883440000000000225e-01
-3.911689999999999889e-01
-3.939909999999999801e-01
-3.968090000000000228e-01
-3.996230000000000060e-01
-4.024340000000000139e-01
-4.052399999999999891e-01
-4.080429999999999890e-01
-4.108419999999999850e-01
-4.136369999999999769e-01
-4.164289999999999936e-01
-4.192159999999999775e-01
-4.219990000000000130e-01
-4.247790000000000177e-01
-4.275539999999999896e-01
-4.303250000000000131e-01
-4.330930000000000057e-01
-4.358560000000000212e-01
-4.386149999999999771e-01
-4.413699999999999846e-01
-4.441209999999999880e-01
-4.468679999999999874e-01
-4.496100000000000096e-01
-4.523479999999999723e-01
-4.550819999999999865e-01
-4.578119999999999967e-01
-4.605380000000000029e-01
-4.632589999999999764e-01
-4.659749999999999726e-01
-4.686879999999999935e-01
-4.713959999999999817e-01
-4.740989999999999926e-01
-4.767979999999999996e-01
-4.794930000000000025e-01
-4.821829999999999727e-01
-4.848680000000000212e-01
-4.875490000000000101e-01
-4.902250000000000218e-01
-4.928969999999999740e-01
-4.955640000000000045e-01
-4.982260000000000022e-01
-5.008839999999999959e-01
-5.035370000000000124e-01
-5.061849999999999961e-01
-5.088289999999999758e-01
-5.114680000000000337e-01
-5.141019999999999479e-01
-5.167310000000000514e-01
-5.193550000000000111e-01
-5.219740000000000490e-01
-5.245880000000000543e-01
-5.271980000000000555e-01
-5.298019999999999952e-01
-5.324020000000000419e-01
-5.349960000000000271e-01
-5.375860000000000083e-01
-5.401700000000000390e-01
-5.427490000000000370e-01
-5.453240000000000309e-01
-5.478929999999999634e-01
-5.504569999999999741e-01
-5.530150000000000343e-01
-5.555689999999999795e-01
-5.581169999999999742e-01
-5.606600000000000472e-01
-5.631979999999999764e-01
-5.657299999999999551e-01
-5.682580000000000409e-01
-5.707790000000000363e-01
-5.732960000000000278e-01
-5.758069999999999578e-01
-5.783120000000000482e-01
-5.808130000000000237e-01
-5.833070000000000199e-01
-5.857959999999999834e-01
-5.882800000000000251e-01
-5.907580000000000053e-01
-5.932309999999999528e-01
-5.956979999999999498e-01
-5.981589999999999963e-01
-6.006150000000000100e-01
-6.030649999999999622e-01
-6.055099999999999927e-01
-6.079480000000000439e-01
-6.103809999999999514e-01
-6.128090000000000481e-01
-6.152300000000000546e-01
-6.176460000000000283e-01
-6.200560000000000516e-01
-6.224600000000000133e-01
-6.248580000000000245e-01
-6.272499999999999742e-01
-6.296370000000000022e-01
-6.320170000000000510e-01
-6.343919999999999559e-01
-6.367599999999999927e-01
-6.391229999999999967e-01
-6.414790000000000214e-01
-6.438300000000000134e-01
-6.461740000000000261e-01
-6.485130000000000061e-01
-6.508450000000000069e-01
-6.531709999999999461e-01
-6.554910000000000458e-01
-6.578049999999999731e-01
-6.601129999999999498e-01
-6.624139999999999473e-01
-6.647089999999999943e-01
-6.669979999999999798e-01
-6.692810000000000148e-01
-6.715569999999999595e-01
-6.738269999999999538e-01
-6.760909999999999975e-01
-6.783479999999999510e-01
-6.805989999999999540e-01
-6.828440000000000065e-01
-6.850819999999999688e-01
-6.873139999999999805e-01
-6.895390000000000130e-01
-6.917579999999999840e-01
-6.939699999999999758e-01
-6.961749999999999883e-01
-6.983749999999999680e-01
-7.005670000000000508e-01
-7.027529999999999610e-01
-7.049320000000000030e-01
-7.071049999999999836e-01
-7.092709999999999848e-01
-7.114300000000000068e-01
-7.135829999999999673e-01
-7.157289999999999486e-01
-7.178679999999999506e-01
-7.200010000000000021e-01
-7.221260000000000456e-01
-7.242450000000000276e-01
-7.263570000000000304e-01
-7.284629999999999717e-01
-7.305610000000000159e-01
-7.326529999999999987e-01
-7.347369999999999735e-01
-7.368149999999999977e-01
-7.388860000000000428e-01
-7.409489999999999688e-01
-7.430060000000000553e-01
-7.450560000000000516e-01
-7.470989999999999576e-01
-7.491349999999999953e-01
-7.511630000000000251e-01
-7.531849999999999934e-01
-7.551999999999999824e-01
-7.572069999999999634e-01
-7.592069999999999652e-01
-7.612010000000000165e-01
-7.631869999999999488e-01
-7.651649999999999840e-01
-7.671369999999999578e-01
-7.691010000000000346e-01
-7.710590000000000499e-01
-7.730089999999999462e-01
-7.749509999999999454e-01
-7.768869999999999942e-01
-7.788150000000000350e-01
-7.807349999999999568e-01
-7.826490000000000391e-01
-7.845550000000000024e-01
-7.864529999999999577e-01
-7.883449999999999624e-01
-7.902280000000000415e-01
-7.921049999999999480e-01
-7.939739999999999576e-01
-7.958349999999999591e-01
-7.976889999999999814e-01
-7.995349999999999957e-01
-8.013740000000000308e-01
-8.032059999999999755e-01
-8.050289999999999946e-01
-8.068459999999999521e-01
-8.086539999999999839e-01
-8.104550000000000365e-01
-8.122489999999999988e-01
-8.140340000000000353e-01
-8.158119999999999816e-01
-8.175829999999999487e-01
-8.193460000000000187e-01
-8.211009999999999698e-01
-8.228480000000000238e-01
-8.245869999999999589e-01
-8.263190000000000257e-01
-8.280429999999999735e-01
-8.297590000000000243e-01
-8.314679999999999849e-01
-8.331680000000000197e-01
-8.348609999999999642e-01
-8.365460000000000118e-01
-8.382230000000000514e-01
-8.398919999999999719e-01
-8.415529999999999955e-01
-8.432060000000000111e-01
-8.448520000000000474e-01
-8.464890000000000470e-01
-8.481180000000000385e-01
-8.497400000000000508e-01
-8.513530000000000264e-01
-8.529590000000000227e-01
-8.545559999999999823e-01
-8.561450000000000449e-01
-8.577270000000000172e-01
-8.592999999999999527e-01
-8.608649999999999913e-01
-8.624220000000000219e-01
-8.639710000000000445e-01
-8.655119999999999481e-01
-8.670440000000000369e-01
-8.685690000000000355e-01
-8.700849999999999973e-01
-8.715929999999999511e-01
-8.730930000000000080e-01
-8.745849999999999458e-01
-8.760679999999999579e-01
-8.775429999999999620e-01
-8.790099999999999580e-01
-8.804689999999999461e-01
-8.819190000000000085e-01
-8.833609999999999518e-01
-8.847949999999999982e-01
-8.862200000000000077e-01
-8.876370000000000093e-01
-8.890460000000000029e-01
-8.904469999999999885e-01
-8.918390000000000484e-01
-8.932219999999999605e-01
-8.945969999999999756e-01
-8.959639999999999826e-01
-8.973219999999999530e-01
-8.986720000000000264e-01
-9.000139999999999807e-01
-9.013470000000000093e-01
-9.026710000000000012e-01
-9.039869999999999850e-01
-9.052949999999999608e-01
-9.065940000000000110e-01
-9.078840000000000243e-01
-9.091660000000000297e-01
-9.104389999999999983e-01
-9.117039999999999589e-01
-9.129599999999999937e-01
-9.142080000000000206e-01
-9.154470000000000107e-01
-9.166769999999999641e-01
-9.178990000000000204e-01
-9.191120000000000401e-01
-9.203160000000000229e-01
-9.215119999999999978e-01
-9.226990000000000469e-01
-9.238769999999999483e-01
-9.250469999999999526e-01
-9.262080000000000313e-01
-9.273599999999999621e-01
-9.285039999999999960e-01
-9.296389999999999931e-01
-9.307649999999999535e-01
-9.318819999999999881e-01
-9.329910000000000148e-01
-9.340899999999999759e-01
-9.351810000000000400e-01
-9.362629999999999564e-01
-9.373369999999999758e-01
-9.384010000000000407e-01
-9.394569999999999865e-01
-9.405040000000000067e-01
-9.415419999999999900e-01
-9.425710000000000477e-01
-9.435909999999999576e-01
-9.446029999999999704e-01
-9.456050000000000288e-01
-9.465989999999999682e-01
-9.475829999999999531e-01
-9.485590000000000410e-01
-9.495259999999999811e-01
-9.504839999999999955e-01
-9.514329999999999732e-01
-9.523730000000000251e-01
-9.533040000000000402e-01
-9.542260000000000186e-01
-9.551389999999999603e-01
-9.560429999999999762e-01
-9.569379999999999553e-01
-9.578240000000000087e-01
-9.587010000000000254e-01
-9.595690000000000053e-01
-9.604279999999999484e-01
-9.612779999999999658e-01
-9.621189999999999465e-01
-9.629510000000000014e-01
-9.637740000000000196e-01
-9.645869999999999722e-01
-9.653920000000000279e-01
-9.661880000000000468e-01
-9.669740000000000002e-01
-9.677519999999999456e-01
-9.685200000000000475e-01
-9.692790000000000017e-01
-9.700290000000000301e-01
-9.707700000000000218e-01
-9.715019999999999767e-01
-9.722239999999999771e-01
-9.729379999999999695e-01
-9.736420000000000075e-01
-9.743370000000000086e-01
-9.750229999999999730e-01
-9.757000000000000117e-01
-9.763669999999999849e-01
-9.770259999999999501e-01
-9.776749999999999607e-01
-9.783150000000000457e-01
-9.789459999999999829e-01
-9.795669999999999655e-01
-9.801800000000000512e-01
-9.807829999999999604e-01
-9.813770000000000548e-01
-9.819620000000000015e-01
-9.825369999999999937e-01
-9.831029999999999491e-01
-9.836599999999999788e-01
-9.842079999999999718e-01
-9.847460000000000102e-01
-9.852750000000000119e-01
-9.857949999999999768e-01
-9.863060000000000160e-01
-9.868069999999999897e-01
-9.872990000000000377e-01
-9.877820000000000489e-01
-9.882549999999999946e-01
-9.887190000000000145e-01
-9.891739999999999977e-01
-9.896200000000000552e-01
-9.900560000000000471e-01
-9.904830000000000023e-01
-9.909000000000000030e-01
-9.913079999999999670e-01
-9.917070000000000052e-01
-9.920970000000000066e-01
-9.924770000000000536e-01
-9.928479999999999528e-01
-9.932100000000000373e-01
-9.935619999999999452e-01
-9.939050000000000384e-01
-9.942379999999999551e-01
-9.945619999999999461e-01
-9.948770000000000113e-01
-9.951820000000000110e-01
-9.954779999999999740e-01
-9.957650000000000112e-01
-9.960419999999999829e-01
-9.963100000000000289e-01
-9.965690000000000381e-01
-9.968179999999999819e-01
-9.970579999999999998e-01
-9.972879999999999523e-01
-9.975089999999999790e-01
-9.977209999999999690e-01
-9.979230000000000045e-01
-9.981160000000000032e-01
-9.982990000000000475e-01
-9.984730000000000549e-01
-9.986380000000000257e-01
-9.987930000000000419e-01
-9.989390000000000214e-01
-9.990750000000000464e-01
-9.992020000000000346e-01
-9.993199999999999861e-01
-9.994279999999999831e-01
-9.995270000000000543e-01
-9.996159999999999490e-01
-9.996960000000000290e-01
-9.997669999999999613e-01
-9.998280000000000500e-01
-9.998799999999999910e-01
-9.999219999999999775e-01
-9.999550000000000383e-01
-9.999789999999999512e-01
-9.999930000000000208e-01
-9.999980000000000535e-01
-9.999930000000000208e-01
-9.999789999999999512e-01
-9.999550000000000383e-01
-9.999219999999999775e-01
-9.998799999999999910e-01
-9.998280000000000500e-01
-9.997669999999999613e-01
-9.996960000000000290e-01
-9.996159999999999490e-01
-9.995270000000000543e-01
-9.994279999999999831e-01
-9.993199999999999861e-01
-9.992020000000000346e-01
-9.990750000000000464e-01
-9.989390000000000214e-01
-9.987930000000000419e-01
-9.986380000000000257e-01
-9.984730000000000549e-01
-9.982990000000000475e-01
-9.981160000000000032e-01
-9.979230000000000045e-01
-9.977209999999999690e-01
-9.975089999999999790e-01
-9.972879999999999523e-01
-9.970579999999999998e-01
-9.968179999999999819e-01
-9.965690000000000381e-01
-9.963100000000000289e-01
-9.960419999999999829e-01
-9.957650000000000112e-01
-9.954779999999999740e-01
-9.951820000000000110e-01
-9.948770000000000113e-01
-9.945619999999999461e-01
-9.942379999999999551e-01
-9.939050000000000384e-01
-9.935619999999999452e-01
-9.932100000000000373e-01
-9.928479999999999528e-01
-9.924770000000000536e-01
-9.920970000000000066e-01
-9.917070000000000052e-01
-9.913079999999999670e-01
-9.909000000000000030e-01
-9.904830000000000023e-01
-9.900560000000000471e-01
-9.896200000000000552e-01
-9.891739999999999977e-01
-9.887190000000000145e-01
-9.882549999999999946e-01
-9.877820000000000489e-01
-9.872990000000000377e-01
-9.868069999999999897e-01
-9.863060000000000160e-01
-9.857949999999999768e-01
-9.852750000000000119e-01
-9.847460000000000102e-01
-9.842079999999999718e-01
-9.836599999999999788e-01
-9.831029999999999491e-01
-9.825369999999999937e-01
-9.819620000000000015e-01
-9.813770000000000548e-01
-9.807829999999999604e-01
-9.801800000000000512e-01
-9.795669999999999655e-01
-9.789459999999999829e-01
-9.783150000000000457e-01
-9.776749999999999607e-01
-9.770259999999999501e-01
-9.763669999999999849e-01
-9.757000000000000117e-01
-9.750229999999999730e-01
-9.743370000000000086e-01
-9.736420000000000075e-01
-9.729379999999999695e-01
-9.722239999999999771e-01
-9.715019999999999767e-01
-9.707700000000000218e-01
-9.700290000000000301e-01
-9.692790000000000017e-01
-9.685200000000000475e-01
-9.677519999999999456e-01
-9.669740000000000002e-01
-9.661880000000000468e-01
-9.653920000000000279e-01
-9.645869999999999722e-01
-9.637740000000000196e-01
-9.629510000000000014e-01
-9.621189999999999465e-01
-9.612779999999999658e-01
-9.604279999999999484e-01
-9.595690000000000053e-01
-9.587010000000000254e-01
-9.578240000000000087e-01
-9.569379999999999553e-01
-9.560429999999999762e-01
-9.551389999999999603e-01
-9.542260000000000186e-01
-9.533040000000000402e-01
-9.523730000000000251e-01
-9.514329999999999732e-01
-9.504839999999999955e-01
-9.495259999999999811e-01
-9.485590000000000410e-01
-9.475829999999999531e-01
-9.465989999999999682e-01
-9.456050000000000288e-01
-9.446029999999999704e-01
-9.435909999999999576e-01
-9.425710000000000477e-01
-9.415419999999999900e-01
-9.405040000000000067e-01
-9.394569999999999865e-01
-9.384010000000000407e-01
-9.373369999999999758e-01
-9.362629999999999564e-01
-9.351810000000000400e-01
-9.340899999999999759e-01
-9.329910000000000148e-01
-9.318819999999999881e-01
-9.307649999999999535e-01
-9.296389999999999931e-01
-9.285039999999999960e-01
-9.273599999999999621e-01
-9.262080000000000313e-01
-9.250469999999999526e-01
-9.238769999999999483e-01
-9.226990000000000469e-01
-9.215119999999999978e-01
-9.203160000000000229e-01
-9.191120000000000401e-01
-9.178990000000000204e-01
-9.166769999999999641e-01
-9.154470000000000107e-01
-9.142080000000000206e-01
-9.129599999999999937e-01
-9.117039999999999589e-01
-9.104389999999999983e-01
-9.091660000000000297e-01
-9.078840000000000243e-01
-9.065940000000000110e-01
-9.052949999999999608e-01
-9.039869999999999850e-01
-9.026710000000000012e-01
-9.013470000000000093e-01
-9.000139999999999807e-01
-8.986720000000000264e-01
-8.973219999999999530e-01
-8.959639999999999826e-01
-8.945969999999999756e-01
-8.932219999999999605e-01
-8.918390000000000484e-01
-8.904469999999999885e-01
-8.890460000000000029e-01
-8.876370000000000093e-01
-8.862200000000000077e-01
-8.847949999999999982e-01
-8.833609999999999518e-01
-8.819190000000000085e-01
-8.804689999999999461e-01
-8.790099999999999580e-01
-8.775429999999999620e-01
-8.760679999999999579e-01
-8.745849999999999458e-01
-8.730930000000000080e-01
-8.715929999999999511e-01
-8.700849999999999973e-01
-8.685690000000000355e-01
-8.670440000000000369e-01
-8.655119999999999481e-01
-8.639710000000000445e-01
-8.624220000000000219e-01
-8.608649999999999913e-01
-8.592999999999999527e-01
-8.577270000000000172e-01
-8.561450000000000449e-01
-8.545559999999999823e-01
-8.529590000000000227e-01
-8.513530000000000264e-01
-8.497400000000000508e-01
-8.481180000000000385e-01
-8.464890000000000470e-01
-8.448520000000000474e-01
-8.432060000000000111e-01
-8.415529999999999955e-01
-8.398919999999999719e-01
-8.382230000000000514e-01
-8.365460000000000118e-01
-8.348609999999999642e-01
-8.331680000000000197e-01
-8.314679999999999849e-01
-8.297590000000000243e-01
-8.280429999999999735e-01
-8.263190000000000257e-01
-8.245869999999999589e-01
-8.228480000000000238e-01
-8.211009999999999698e-01
-8.193460000000000187e-01
-8.175829999999999487e-01
-8.158119999999999816e-01
-8.140340000000000353e-01
-8.122489999999999988e-01
-8.104550000000000365e-01
-8.086539999999999839e-01
-8.068459999999999521e-01
-8.050289999999999946e-01
-8.032059999999999755e-01
-8.013740000000000308e-01
-7.995349999999999957e-01
-7.976889999999999814e-01
-7.958349999999999591e-01
-7.939739999999999576e-01
-7.921049999999999480e-01
-7.902280000000000415e-01
-7.883449999999999624e-01
-7.864529999999999577e-01
-7.845550000000000024e-01
-7.826490000000000391e-01
-7.807349999999999568e-01
-7.788150000000000350e-01
-7.768869999999999942e-01
-7.749509999999999454e-01
-7.730089999999999462e-01
-7.710590000000000499e-01
-7.691010000000000346e-01
-7.671369999999999578e-01
-7.651649999999999840e-01
-7.631869999999999488e-01
-7.612010000000000165e-01
-7.592069999999999652e-01
-7.572069999999999634e-01
-7.551999999999999824e-01
-7.531849999999999934e-01
-7.511630000000000251e-01
-7.491349999999999953e-01
-7.470989999999999576e-01
-7.450560000000000516e-01
-7.430060000000000553e-01
-7.409489999999999688e-01
-7.388860000000000428e-01
-7.368149999999999977e-01
-7.347369999999999735e-01
-7.326529999999999987e-01
-7.305610000000000159e-01
-7.284629999999999717e-01
-7.263570000000000304e-01
-7.242450000000000276e-01
-7.221260000000000456e-01
-7.200010000000000021e-01
-7.178679999999999506e-01
-7.157289999999999486e-01
-7.135829999999999673e-01
-7.114300000000000068e-01
-7.092709999999999848e-01
-7.071049999999999836e-01
-7.049320000000000030e-01
-7.027529999999999610e-01
-7.005670000000000508e-01
-6.983749999999999680e-01
-6.961749999999999883e-01
-6.939699999999999758e-01
-6.917579999999999840e-01
-6.895390000000000130e-01
-6.873139999999999805e-01
-6.850819999999999688e-01
-6.828440000000000065e-01
-6.805989999999999540e-01
-6.783479999999999510e-01
-6.760909999999999975e-01
-6.738269999999999538e-01
-6.715569999999999595e-01
-6.692810000000000148e-01
-6.669979999999999798e-01
-6.647089999999999943e-01
-6.624139999999999473e-01
-6.601129999999999498e-01
-6.578049999999999731e-01
-6.554910000000000458e-01
-6.531709999999999461e-01
-6.508450000000000069e-01
-6.485130000000000061e-01
-6.461740000000000261e-01
-6.438300000000000134e-01
-6.414790000000000214e-01
-6.391229999999999967e-01
-6.367599999999999927e-01
-6.343919999999999559e-01
-6.320170000000000510e-01
-6.296370000000000022e-01
-6.272499999999999742e-01
-6.248580000000000245e-01
-6.224600000000000133e-01
-6.200560000000000516e-01
-6.176460000000000283e-01
-6.152300000000000546e-01
-6.128090000000000481e-01
-6.103809999999999514e-01
-6.079480000000000439e-01
-6.055099999999999927e-01
-6.030649999999999622e-01
-6.006150000000000100e-01
-5.981589999999999963e-01
-5.956979999999999498e-01
-5.932309999999999528e-01
-5.907580000000000053e-01
-5.882800000000000251e-01
-5.857959999999999834e-01
-5.833070000000000199e-01
-5.808130000000000237e-01
-5.783120000000000482e-01
-5.758069999999999578e-01
-5.732960000000000278e-01
-5.707790000000000363e-01
-5.682580000000000409e-01
-5.657299999999999551e-01
-5.631979999999999764e-01
-5.606600000000000472e-01
-5.581169999999999742e-01
-5.555689999999999795e-01
-5.530150000000000343e-01
-5.504569999999999741e-01
-5.478929999999999634e-01
-5.453240000000000309e-01
-5.427490000000000370e-01
-5.401700000000000390e-01
-5.375860000000000083e-01
-5.349960000000000271e-01
-5.324020000000000419e-01
-5.298019999999999952e-01
-5.271980000000000555e-01
-5.245880000000000543e-01
-5.219740000000000490e-01
-5.193550000000000111e-01
-5.167310000000000514e-01
-5.141019999999999479e-01
-5.114680000000000337e-01
-5.088289999999999758e-01
-5.061849999999999961e-01
-5.035370000000000124e-01
-5.008839999999999959e-01
-4.982260000000000022e-01
-4.955640000000000045e-01
-4.928969999999999740e-01
-4.902250000000000218e-01
-4.875490000000000101e-01
-4.848680000000000212e-01
-4.821829999999999727e-01
-4.794930000000000025e-01
-4.767979999999999996e-01
-4.740989999999999926e-01
-4.713959999999999817e-01
-4.686879999999999935e-01
-4.659749999999999726e-01
-4.632589999999999764e-01
-4.605380000000000029e-01
-4.578119999999999967e-01
-4.550819999999999865e-01
-4.523479999999999723e-01
-4.496100000000000096e-01
-4.468679999999999874e-01
-4.441209999999999880e-01
-4.413699999999999846e-01
-4.386149999999999771e-01
-4.358560000000000212e-01
-4.330930000000000057e-01
-4.303250000000000131e-01
-4.275539999999999896e-01
-4.247790000000000177e-01
-4.219990000000000130e-01
-4.192159999999999775e-01
-4.164289999999999936e-01
-4.136369999999999769e-01
-4.108419999999999850e-01
-4.080429999999999890e-01
-4.052399999999999891e-01
-4.024340000000000139e-01
-3.996230000000000060e-01
-3.968090000000000228e-01
-3.939909999999999801e-01
-3.911689999999999889e-01
-3.883440000000000225e-01
-3.855149999999999966e-01
-3.826829999999999954e-01
-3.798460000000000170e-01
-3.770069999999999810e-01
-3.741630000000000233e-01
-3.713159999999999794e-01
-3.684660000000000157e-01
-3.656119999999999925e-01
-3.627549999999999941e-01
-3.598939999999999917e-01
-3.570300000000000140e-01
-3.541630000000000056e-01
-3.512919999999999932e-01
-3.484180000000000055e-01
-3.455400000000000138e-01
-3.426600000000000201e-01
-3.397760000000000224e-01
-3.368889999999999940e-01
-3.339989999999999903e-01
-3.311060000000000114e-01
-3.282089999999999730e-01
-3.253099999999999881e-01
-3.224069999999999991e-01
-3.195009999999999795e-01
-3.165930000000000133e-01
-3.136809999999999876e-01
-3.107659999999999867e-01
-3.078489999999999838e-01
-3.049279999999999768e-01
-3.020050000000000234e-01
-2.990789999999999837e-01
-2.961500000000000243e-01
-2.932179999999999787e-01
-2.902839999999999865e-01
-2.873470000000000191e-01
-2.844070000000000209e-01
-2.814639999999999920e-01
-2.785190000000000166e-01
-2.755710000000000104e-01
-2.726210000000000022e-01
-2.696680000000000188e-01
-2.667120000000000046e-01
-2.637539999999999885e-01
-2.607929999999999970e-01
-2.578300000000000036e-01
-2.548650000000000082e-01
-2.518969999999999820e-01
-2.489270000000000094e-01
-2.459540000000000060e-01
-2.429800000000000015e-01
-2.400019999999999931e-01
-2.370230000000000115e-01
-2.340409999999999990e-01
-2.310580000000000134e-01
-2.280719999999999970e-01
-2.250830000000000053e-01
-2.220930000000000126e-01
-2.191009999999999902e-01
-2.161059999999999925e-01
-2.131099999999999939e-01
-2.101109999999999922e-01
-2.071109999999999896e-01
-2.041080000000000116e-01
-2.011040000000000050e-01
-1.980979999999999963e-01
-1.950900000000000134e-01
-1.920800000000000007e-01
-1.890680000000000138e-01
-1.860549999999999982e-01
-1.830390000000000073e-01
-1.800219999999999876e-01
-1.770039999999999947e-01
-1.739829999999999988e-01
-1.709610000000000019e-01
-1.679380000000000039e-01
-1.649130000000000040e-01
-1.618860000000000021e-01
-1.588579999999999992e-01
-1.558279999999999943e-01
-1.527969999999999884e-01
-1.497640000000000082e-01
-1.467299999999999993e-01
-1.436949999999999894e-01
-1.406580000000000052e-01
-1.376199999999999923e-01
-1.345800000000000052e-01
-1.315399999999999903e-01
-1.284980000000000011e-01
-1.254550000000000110e-01
-1.224100000000000049e-01
-1.193649999999999989e-01
-1.163180000000000047e-01
-1.132709999999999967e-01
-1.102220000000000005e-01
-1.071720000000000034e-01
-1.041210000000000052e-01
-1.010699999999999932e-01
-9.801700000000000690e-02
-9.496300000000000574e-02
-9.190900000000000458e-02
-8.885300000000000142e-02
-8.579699999999999827e-02
-8.273999999999999411e-02
-7.968200000000000283e-02
-7.662399999999999767e-02
-7.356400000000000439e-02
-7.050399999999999723e-02
-6.744400000000000395e-02
-6.438199999999999479e-02
-6.132100000000000051e-02
-5.825799999999999729e-02
-5.519500000000000101e-02
-5.213199999999999779e-02
-4.906800000000000050e-02
-4.600300000000000222e-02
-4.293799999999999700e-02
-3.987299999999999872e-02
-3.680699999999999944e-02
-3.374100000000000016e-02
-3.067500000000000088e-02
-2.760800000000000060e-02
-2.454100000000000031e-02
-2.147400000000000003e-02
-1.840699999999999975e-02
-1.533900000000000020e-02
-1.227199999999999992e-02
-9.204000000000000375e-03
-6.135999999999999961e-03
-3.067999999999999981e-03
