1.116999999999999937e-03
3.148000000000000190e-03
6.138000000000000227e-03
9.204000000000000375e-03
1.227100000000000066e-02
1.533900000000000020e-02
1.840699999999999975e-02
2.147400000000000003e-02
2.454100000000000031e-02
2.760800000000000060e-02
3.067500000000000088e-02
3.374100000000000016e-02
3.680699999999999944e-02
3.987299999999999872e-02
4.293799999999999700e-02
4.600300000000000222e-02
4.906699999999999950e-02
5.213099999999999679e-02
5.519500000000000101e-02
5.825799999999999729e-02
6.131999999999999951e-02
6.438199999999999479e-02
6.744400000000000395e-02
7.050399999999999723e-02
7.356400000000000439e-02
7.662399999999999767e-02
7.968200000000000283e-02
8.273999999999999411e-02
8.579699999999999827e-02
8.885300000000000142e-02
9.190900000000000458e-02
9.496300000000000574e-02
9.801700000000000690e-02
1.010690000000000061e-01
1.041210000000000052e-01
1.071720000000000034e-01
1.102220000000000005e-01
1.132709999999999967e-01
1.163180000000000047e-01
1.193649999999999989e-01
1.224100000000000049e-01
1.254540000000000100e-01
1.284980000000000011e-01
1.315399999999999903e-01
1.345800000000000052e-01
1.376199999999999923e-01
1.406580000000000052e-01
1.436939999999999884e-01
1.467299999999999993e-01
1.497640000000000082e-01
1.527969999999999884e-01
1.558279999999999943e-01
1.588579999999999992e-01
1.618860000000000021e-01
1.649120000000000030e-01
1.679380000000000039e-01
1.709610000000000019e-01
1.739829999999999988e-01
1.770039999999999947e-01
1.800219999999999876e-01
1.830390000000000073e-01
1.860539999999999972e-01
1.890680000000000138e-01
1.920800000000000007e-01
1.950900000000000134e-01
1.980979999999999963e-01
2.011040000000000050e-01
2.041080000000000116e-01
2.071109999999999896e-01
2.101109999999999922e-01
2.131089999999999929e-01
2.161059999999999925e-01
2.190999999999999892e-01
2.220930000000000126e-01
2.250830000000000053e-01
2.280709999999999960e-01
2.310570000000000124e-01
2.340409999999999990e-01
2.370230000000000115e-01
2.400019999999999931e-01
2.429790000000000005e-01
2.459540000000000060e-01
2.489270000000000094e-01
2.518969999999999820e-01
2.548650000000000082e-01
2.578300000000000036e-01
2.607929999999999970e-01
2.637539999999999885e-01
2.667120000000000046e-01
2.696669999999999900e-01
2.726199999999999735e-01
2.755710000000000104e-01
2.785190000000000166e-01
2.814639999999999920e-01
2.844059999999999921e-01
2.873459999999999903e-01
2.902839999999999865e-01
2.932179999999999787e-01
2.961500000000000243e-01
2.990789999999999837e-01
3.020050000000000234e-01
3.049279999999999768e-01
3.078480000000000105e-01
3.107659999999999867e-01
3.136809999999999876e-01
3.165919999999999845e-01
3.195009999999999795e-01
3.224060000000000259e-01
3.253090000000000148e-01
3.282089999999999730e-01
3.311049999999999827e-01
3.339980000000000171e-01
3.368889999999999940e-01
3.397760000000000224e-01
3.426589999999999914e-01
3.455400000000000138e-01
3.484169999999999767e-01
3.512910000000000199e-01
3.541619999999999768e-01
3.570300000000000140e-01
3.598939999999999917e-01
3.627540000000000209e-01
3.656119999999999925e-01
3.684649999999999870e-01
3.713159999999999794e-01
3.741630000000000233e-01
3.770060000000000078e-01
3.798460000000000170e-01
3.826820000000000221e-01
3.855149999999999966e-01
3.883440000000000225e-01
3.911689999999999889e-01
3.939900000000000069e-01
3.968079999999999941e-01
3.996230000000000060e-01
4.024329999999999852e-01
4.052399999999999891e-01
4.080429999999999890e-01
4.108419999999999850e-01
4.136369999999999769e-01
4.164280000000000204e-01
4.192150000000000043e-01
4.219990000000000130e-01
4.247779999999999889e-01
4.275530000000000164e-01
4.303250000000000131e-01
4.330919999999999770e-01
4.358549999999999924e-01
4.386149999999999771e-01
4.413699999999999846e-01
4.441200000000000148e-01
4.468670000000000142e-01
4.496100000000000096e-01
4.523479999999999723e-01
4.550819999999999865e-01
4.578110000000000235e-01
4.605369999999999742e-01
4.632580000000000031e-01
4.659749999999999726e-01
4.686870000000000203e-01
4.713950000000000085e-01
4.740980000000000194e-01
4.767970000000000264e-01
4.794919999999999738e-01
4.821819999999999995e-01
4.848669999999999924e-01
4.875479999999999814e-01
4.902250000000000218e-01
4.928960000000000008e-01
4.955629999999999757e-01
4.982260000000000022e-01
5.008829999999999671e-01
5.035359999999999836e-01
5.061849999999999961e-01
5.088279999999999470e-01
5.114670000000000050e-01
5.141010000000000302e-01
5.167300000000000226e-01
5.193539999999999823e-01
5.219730000000000203e-01
5.245880000000000543e-01
5.271970000000000267e-01
5.298019999999999952e-01
5.324010000000000131e-01
5.349960000000000271e-01
5.375849999999999795e-01
5.401690000000000103e-01
5.427490000000000370e-01
5.453230000000000022e-01
5.478920000000000456e-01
5.504559999999999453e-01
5.530150000000000343e-01
5.555679999999999508e-01
5.581159999999999455e-01
5.606590000000000185e-01
5.631969999999999477e-01
5.657299999999999551e-01
5.682570000000000121e-01
5.707780000000000076e-01
5.732949999999999990e-01
5.758060000000000400e-01
5.783120000000000482e-01
5.808119999999999949e-01
5.833059999999999912e-01
5.857959999999999834e-01
5.882789999999999964e-01
5.907569999999999766e-01
5.932300000000000351e-01
5.956970000000000320e-01
5.981579999999999675e-01
6.006139999999999812e-01
6.030640000000000445e-01
6.055089999999999639e-01
6.079470000000000152e-01
6.103800000000000336e-01
6.128080000000000194e-01
6.152290000000000258e-01
6.176449999999999996e-01
6.200550000000000228e-01
6.224589999999999845e-01
6.248569999999999958e-01
6.272489999999999455e-01
6.296359999999999735e-01
6.320160000000000222e-01
6.343910000000000382e-01
6.367589999999999639e-01
6.391219999999999679e-01
6.414779999999999927e-01
6.438289999999999846e-01
6.461729999999999974e-01
6.485119999999999774e-01
6.508439999999999781e-01
6.531700000000000284e-01
6.554900000000000171e-01
6.578040000000000553e-01
6.601120000000000321e-01
6.624130000000000296e-01
6.647079999999999655e-01
6.669969999999999510e-01
6.692799999999999860e-01
6.715560000000000418e-01
6.738260000000000360e-01
6.760899999999999688e-01
6.783470000000000333e-01
6.805980000000000363e-01
6.828429999999999778e-01
6.850810000000000510e-01
6.873129999999999518e-01
6.895379999999999843e-01
6.917569999999999553e-01
6.939689999999999470e-01
6.961739999999999595e-01
6.983730000000000215e-01
7.005660000000000220e-01
7.027520000000000433e-01
7.049309999999999743e-01
7.071039999999999548e-01
7.092699999999999561e-01
7.114289999999999781e-01
7.135820000000000496e-01
7.157280000000000308e-01
7.178670000000000329e-01
7.199999999999999734e-01
7.221250000000000169e-01
7.242439999999999989e-01
7.263560000000000016e-01
7.284620000000000539e-01
7.305599999999999872e-01
7.326510000000000522e-01
7.347359999999999447e-01
7.368139999999999690e-01
7.388839999999999852e-01
7.409480000000000510e-01
7.430050000000000265e-01
7.450550000000000228e-01
7.470980000000000398e-01
7.491330000000000489e-01
7.511619999999999964e-01
7.531839999999999646e-01
7.551980000000000359e-01
7.572060000000000457e-01
7.592060000000000475e-01
7.611989999999999590e-01
7.631850000000000023e-01
7.651639999999999553e-01
7.671360000000000401e-01
7.691000000000000059e-01
7.710569999999999924e-01
7.730069999999999997e-01
7.749500000000000277e-01
7.768850000000000477e-01
7.788129999999999775e-01
7.807340000000000391e-01
7.826480000000000103e-01
7.845539999999999736e-01
7.864520000000000399e-01
7.883430000000000160e-01
7.902270000000000127e-01
7.921030000000000015e-01
7.939720000000000111e-01
7.958340000000000414e-01
7.976879999999999526e-01
7.995339999999999669e-01
8.013730000000000020e-01
8.032040000000000290e-01
8.050279999999999658e-01
8.068440000000000056e-01
8.086529999999999552e-01
8.104540000000000077e-01
8.122470000000000523e-01
8.140330000000000066e-01
8.158109999999999529e-01
8.175820000000000309e-01
8.193439999999999612e-01
8.210990000000000233e-01
8.228469999999999951e-01
8.245860000000000412e-01
8.263179999999999970e-01
8.280419999999999447e-01
8.297579999999999956e-01
8.314660000000000384e-01
8.331669999999999909e-01
8.348600000000000465e-01
8.365439999999999543e-01
8.382209999999999939e-01
8.398900000000000254e-01
8.415519999999999667e-01
8.432049999999999823e-01
8.448499999999999899e-01
8.464880000000000182e-01
8.481170000000000098e-01
8.497379999999999933e-01
8.513519999999999976e-01
8.529569999999999652e-01
8.545549999999999535e-01
8.561440000000000161e-01
8.577249999999999597e-01
8.592980000000000063e-01
8.608639999999999626e-01
8.624209999999999932e-01
8.639689999999999870e-01
8.655100000000000016e-01
8.670430000000000081e-01
8.685669999999999780e-01
8.700839999999999685e-01
8.715920000000000334e-01
8.730919999999999792e-01
8.745829999999999993e-01
8.760670000000000401e-01
8.775420000000000442e-01
8.790090000000000403e-01
8.804669999999999996e-01
8.819179999999999797e-01
8.833600000000000341e-01
8.847939999999999694e-01
8.862189999999999790e-01
8.876359999999999806e-01
8.890449999999999742e-01
8.904450000000000420e-01
8.918369999999999909e-01
8.932210000000000427e-01
8.945959999999999468e-01
8.959629999999999539e-01
8.973210000000000353e-01
8.986709999999999976e-01
9.000120000000000342e-01
9.013449999999999518e-01
9.026699999999999724e-01
9.039859999999999562e-01
9.052930000000000144e-01
9.065919999999999535e-01
9.078829999999999956e-01
9.091639999999999722e-01
9.104379999999999695e-01
9.117020000000000124e-01
9.129589999999999650e-01
9.142059999999999631e-01
9.154449999999999532e-01
9.166750000000000176e-01
9.178969999999999629e-01
9.191099999999999826e-01
9.203149999999999942e-01
9.215100000000000513e-01
9.226969999999999894e-01
9.238760000000000305e-01
9.250460000000000349e-01
9.262070000000000025e-01
9.273590000000000444e-01
9.285020000000000495e-01
9.296370000000000466e-01
9.307630000000000070e-01
9.318809999999999594e-01
9.329889999999999572e-01
9.340889999999999471e-01
9.351800000000000113e-01
9.362620000000000386e-01
9.373350000000000293e-01
9.384000000000000119e-01
9.394559999999999578e-01
9.405019999999999492e-01
9.415400000000000436e-01
9.425689999999999902e-01
9.435900000000000398e-01
9.446010000000000240e-01
9.456040000000000001e-01
9.465970000000000217e-01
9.475820000000000354e-01
9.485580000000000123e-01
9.495240000000000347e-01
9.504820000000000491e-01
9.514310000000000267e-01
9.523709999999999676e-01
9.533019999999999827e-01
9.542239999999999611e-01
9.551370000000000138e-01
9.560410000000000297e-01
9.569370000000000376e-01
9.578229999999999800e-01
9.586999999999999966e-01
9.595679999999999765e-01
9.604270000000000307e-01
9.612770000000000481e-01
9.621180000000000287e-01
9.629490000000000549e-01
9.637719999999999620e-01
9.645860000000000545e-01
9.653909999999999991e-01
9.661859999999999893e-01
9.669729999999999714e-01
9.677499999999999991e-01
9.685179999999999900e-01
9.692770000000000552e-01
9.700269999999999726e-01
9.707679999999999643e-01
9.715000000000000302e-01
9.722229999999999484e-01
9.729360000000000230e-01
9.736399999999999499e-01
9.743359999999999799e-01
9.750220000000000553e-01
9.756979999999999542e-01
9.763659999999999561e-01
9.770240000000000036e-01
9.776740000000000430e-01
9.783140000000000169e-01
9.789440000000000364e-01
9.795660000000000478e-01
9.801779999999999937e-01
9.807810000000000139e-01
9.813749999999999973e-01
9.819600000000000550e-01
9.825350000000000472e-01
9.831020000000000314e-01
9.836589999999999501e-01
9.842060000000000253e-01
9.847449999999999815e-01
9.852739999999999831e-01
9.857939999999999481e-01
9.863039999999999585e-01
9.868059999999999610e-01
9.872980000000000089e-01
9.877799999999999914e-01
9.882539999999999658e-01
9.887179999999999858e-01
9.891729999999999690e-01
9.896179999999999977e-01
9.900539999999999896e-01
9.904809999999999448e-01
9.908989999999999743e-01
9.913070000000000492e-01
9.917059999999999764e-01
9.920949999999999491e-01
9.924760000000000248e-01
9.928470000000000351e-01
9.932079999999999798e-01
9.935599999999999987e-01
9.939029999999999809e-01
9.942370000000000374e-01
9.945610000000000284e-01
9.948749999999999538e-01
9.951809999999999823e-01
9.954769999999999452e-01
9.957629999999999537e-01
9.960409999999999542e-01
9.963090000000000002e-01
9.965669999999999806e-01
9.968160000000000354e-01
9.970560000000000533e-01
9.972870000000000346e-01
9.975079999999999503e-01
9.977190000000000225e-01
9.979209999999999470e-01
9.981139999999999457e-01
9.982980000000000187e-01
9.984720000000000262e-01
9.986359999999999681e-01
9.987920000000000131e-01
9.989369999999999639e-01
9.990740000000000176e-01
9.992010000000000058e-01
9.993180000000000396e-01
9.994269999999999543e-01
9.995249999999999968e-01
9.996150000000000313e-01
9.996950000000000003e-01
9.997650000000000148e-01
9.998270000000000213e-01
9.998780000000000445e-01
9.999209999999999487e-01
9.999540000000000095e-01
9.999770000000000048e-01
9.999909999999999632e-01
9.999959999999999960e-01
9.999909999999999632e-01
9.999770000000000048e-01
9.999540000000000095e-01
9.999209999999999487e-01
9.998780000000000445e-01
9.998270000000000213e-01
9.997650000000000148e-01
9.996950000000000003e-01
9.996150000000000313e-01
9.995249999999999968e-01
9.994269999999999543e-01
9.993180000000000396e-01
9.992010000000000058e-01
9.990740000000000176e-01
9.989369999999999639e-01
9.987920000000000131e-01
9.986359999999999681e-01
9.984720000000000262e-01
9.982980000000000187e-01
9.981139999999999457e-01
9.979209999999999470e-01
9.977190000000000225e-01
9.975079999999999503e-01
9.972870000000000346e-01
9.970560000000000533e-01
9.968160000000000354e-01
9.965669999999999806e-01
9.963090000000000002e-01
9.960409999999999542e-01
9.957629999999999537e-01
9.954769999999999452e-01
9.951809999999999823e-01
9.948749999999999538e-01
9.945610000000000284e-01
9.942370000000000374e-01
9.939029999999999809e-01
9.935599999999999987e-01
9.932079999999999798e-01
9.928470000000000351e-01
9.924760000000000248e-01
9.920949999999999491e-01
9.917059999999999764e-01
9.913070000000000492e-01
9.908989999999999743e-01
9.904809999999999448e-01
9.900539999999999896e-01
9.896179999999999977e-01
9.891729999999999690e-01
9.887179999999999858e-01
9.882539999999999658e-01
9.877799999999999914e-01
9.872980000000000089e-01
9.868059999999999610e-01
9.863039999999999585e-01
9.857939999999999481e-01
9.852739999999999831e-01
9.847449999999999815e-01
9.842060000000000253e-01
9.836589999999999501e-01
9.831020000000000314e-01
9.825350000000000472e-01
9.819600000000000550e-01
9.813749999999999973e-01
9.807810000000000139e-01
9.801779999999999937e-01
9.795660000000000478e-01
9.789440000000000364e-01
9.783140000000000169e-01
9.776740000000000430e-01
9.770240000000000036e-01
9.763659999999999561e-01
9.756979999999999542e-01
9.750220000000000553e-01
9.743359999999999799e-01
9.736399999999999499e-01
9.729360000000000230e-01
9.722229999999999484e-01
9.715000000000000302e-01
9.707679999999999643e-01
9.700269999999999726e-01
9.692770000000000552e-01
9.685179999999999900e-01
9.677499999999999991e-01
9.669729999999999714e-01
9.661859999999999893e-01
9.653909999999999991e-01
9.645860000000000545e-01
9.637719999999999620e-01
9.629490000000000549e-01
9.621180000000000287e-01
9.612770000000000481e-01
9.604270000000000307e-01
9.595679999999999765e-01
9.586999999999999966e-01
9.578229999999999800e-01
9.569370000000000376e-01
9.560410000000000297e-01
9.551370000000000138e-01
9.542239999999999611e-01
9.533019999999999827e-01
9.523709999999999676e-01
9.514310000000000267e-01
9.504820000000000491e-01
9.495240000000000347e-01
9.485580000000000123e-01
9.475820000000000354e-01
9.465970000000000217e-01
9.456040000000000001e-01
9.446010000000000240e-01
9.435900000000000398e-01
9.425689999999999902e-01
9.415400000000000436e-01
9.405019999999999492e-01
9.394559999999999578e-01
9.384000000000000119e-01
9.373350000000000293e-01
9.362620000000000386e-01
9.351800000000000113e-01
9.340889999999999471e-01
9.329889999999999572e-01
9.318809999999999594e-01
9.307630000000000070e-01
9.296370000000000466e-01
9.285020000000000495e-01
9.273590000000000444e-01
9.262070000000000025e-01
9.250460000000000349e-01
9.238760000000000305e-01
9.226969999999999894e-01
9.215100000000000513e-01
9.203149999999999942e-01
9.191099999999999826e-01
9.178969999999999629e-01
9.166750000000000176e-01
9.154449999999999532e-01
9.142059999999999631e-01
9.129589999999999650e-01
9.117020000000000124e-01
9.104379999999999695e-01
9.091639999999999722e-01
9.078829999999999956e-01
9.065919999999999535e-01
9.052930000000000144e-01
9.039859999999999562e-01
9.026699999999999724e-01
9.013449999999999518e-01
9.000120000000000342e-01
8.986709999999999976e-01
8.973210000000000353e-01
8.959629999999999539e-01
8.945959999999999468e-01
8.932210000000000427e-01
8.918369999999999909e-01
8.904450000000000420e-01
8.890449999999999742e-01
8.876359999999999806e-01
8.862189999999999790e-01
8.847939999999999694e-01
8.833600000000000341e-01
8.819179999999999797e-01
8.804669999999999996e-01
8.790090000000000403e-01
8.775420000000000442e-01
8.760670000000000401e-01
8.745829999999999993e-01
8.730919999999999792e-01
8.715920000000000334e-01
8.700839999999999685e-01
8.685669999999999780e-01
8.670430000000000081e-01
8.655100000000000016e-01
8.639689999999999870e-01
8.624209999999999932e-01
8.608639999999999626e-01
8.592980000000000063e-01
8.577249999999999597e-01
8.561440000000000161e-01
8.545549999999999535e-01
8.529569999999999652e-01
8.513519999999999976e-01
8.497379999999999933e-01
8.481170000000000098e-01
8.464880000000000182e-01
8.448499999999999899e-01
8.432049999999999823e-01
8.415519999999999667e-01
8.398900000000000254e-01
8.382209999999999939e-01
8.365439999999999543e-01
8.348600000000000465e-01
8.331669999999999909e-01
8.314660000000000384e-01
8.297579999999999956e-01
8.280419999999999447e-01
8.263179999999999970e-01
8.245860000000000412e-01
8.228469999999999951e-01
8.210990000000000233e-01
8.193439999999999612e-01
8.175820000000000309e-01
8.158109999999999529e-01
8.140330000000000066e-01
8.122470000000000523e-01
8.104540000000000077e-01
8.086529999999999552e-01
8.068440000000000056e-01
8.050279999999999658e-01
8.032040000000000290e-01
8.013730000000000020e-01
7.995339999999999669e-01
7.976879999999999526e-01
7.958340000000000414e-01
7.939720000000000111e-01
7.921030000000000015e-01
7.902270000000000127e-01
7.883430000000000160e-01
7.864520000000000399e-01
7.845539999999999736e-01
7.826480000000000103e-01
7.807340000000000391e-01
7.788129999999999775e-01
7.768850000000000477e-01
7.749500000000000277e-01
7.730069999999999997e-01
7.710569999999999924e-01
7.691000000000000059e-01
7.671360000000000401e-01
7.651639999999999553e-01
7.631850000000000023e-01
7.611989999999999590e-01
7.592060000000000475e-01
7.572060000000000457e-01
7.551980000000000359e-01
7.531839999999999646e-01
7.511619999999999964e-01
7.491330000000000489e-01
7.470980000000000398e-01
7.450550000000000228e-01
7.430050000000000265e-01
7.409480000000000510e-01
7.388839999999999852e-01
7.368139999999999690e-01
7.347359999999999447e-01
7.326510000000000522e-01
7.305599999999999872e-01
7.284620000000000539e-01
7.263560000000000016e-01
7.242439999999999989e-01
7.221250000000000169e-01
7.199999999999999734e-01
7.178670000000000329e-01
7.157280000000000308e-01
7.135820000000000496e-01
7.114289999999999781e-01
7.092699999999999561e-01
7.071039999999999548e-01
7.049309999999999743e-01
7.027520000000000433e-01
7.005660000000000220e-01
6.983730000000000215e-01
6.961739999999999595e-01
6.939689999999999470e-01
6.917569999999999553e-01
6.895379999999999843e-01
6.873129999999999518e-01
6.850810000000000510e-01
6.828429999999999778e-01
6.805980000000000363e-01
6.783470000000000333e-01
6.760899999999999688e-01
6.738260000000000360e-01
6.715560000000000418e-01
6.692799999999999860e-01
6.669969999999999510e-01
6.647079999999999655e-01
6.624130000000000296e-01
6.601120000000000321e-01
6.578040000000000553e-01
6.554900000000000171e-01
6.531700000000000284e-01
6.508439999999999781e-01
6.485119999999999774e-01
6.461729999999999974e-01
6.438289999999999846e-01
6.414779999999999927e-01
6.391219999999999679e-01
6.367589999999999639e-01
6.343910000000000382e-01
6.320160000000000222e-01
6.296359999999999735e-01
6.272489999999999455e-01
6.248569999999999958e-01
6.224589999999999845e-01
6.200550000000000228e-01
6.176449999999999996e-01
6.152290000000000258e-01
6.128080000000000194e-01
6.103800000000000336e-01
6.079470000000000152e-01
6.055089999999999639e-01
6.030640000000000445e-01
6.006139999999999812e-01
5.981579999999999675e-01
5.956970000000000320e-01
5.932300000000000351e-01
5.907569999999999766e-01
5.882789999999999964e-01
5.857959999999999834e-01
5.833059999999999912e-01
5.808119999999999949e-01
5.783120000000000482e-01
5.758060000000000400e-01
5.732949999999999990e-01
5.707780000000000076e-01
5.682570000000000121e-01
5.657299999999999551e-01
5.631969999999999477e-01
5.606590000000000185e-01
5.581159999999999455e-01
5.555679999999999508e-01
5.530150000000000343e-01
5.504559999999999453e-01
5.478920000000000456e-01
5.453230000000000022e-01
5.427490000000000370e-01
5.401690000000000103e-01
5.375849999999999795e-01
5.349960000000000271e-01
5.324010000000000131e-01
5.298019999999999952e-01
5.271970000000000267e-01
5.245880000000000543e-01
5.219730000000000203e-01
5.193539999999999823e-01
5.167300000000000226e-01
5.141010000000000302e-01
5.114670000000000050e-01
5.088279999999999470e-01
5.061849999999999961e-01
5.035359999999999836e-01
5.008829999999999671e-01
4.982260000000000022e-01
4.955629999999999757e-01
4.928960000000000008e-01
4.902250000000000218e-01
4.875479999999999814e-01
4.848669999999999924e-01
4.821819999999999995e-01
4.794919999999999738e-01
4.767970000000000264e-01
4.740980000000000194e-01
4.713950000000000085e-01
4.686870000000000203e-01
4.659749999999999726e-01
4.632580000000000031e-01
4.605369999999999742e-01
4.578110000000000235e-01
4.550819999999999865e-01
4.523479999999999723e-01
4.496100000000000096e-01
4.468670000000000142e-01
4.441200000000000148e-01
4.413699999999999846e-01
4.386149999999999771e-01
4.358549999999999924e-01
4.330919999999999770e-01
4.303250000000000131e-01
4.275530000000000164e-01
4.247779999999999889e-01
4.219990000000000130e-01
4.192150000000000043e-01
4.164280000000000204e-01
4.136369999999999769e-01
4.108419999999999850e-01
4.080429999999999890e-01
4.052399999999999891e-01
4.024329999999999852e-01
3.996230000000000060e-01
3.968079999999999941e-01
3.939900000000000069e-01
3.911689999999999889e-01
3.883440000000000225e-01
3.855149999999999966e-01
3.826820000000000221e-01
3.798460000000000170e-01
3.770060000000000078e-01
3.741630000000000233e-01
3.713159999999999794e-01
3.684649999999999870e-01
3.656119999999999925e-01
3.627540000000000209e-01
3.598939999999999917e-01
3.570300000000000140e-01
3.541619999999999768e-01
3.512910000000000199e-01
3.484169999999999767e-01
3.455400000000000138e-01
3.426589999999999914e-01
3.397760000000000224e-01
3.368889999999999940e-01
3.339980000000000171e-01
3.311049999999999827e-01
3.282089999999999730e-01
3.253090000000000148e-01
3.224060000000000259e-01
3.195009999999999795e-01
3.165919999999999845e-01
3.136809999999999876e-01
3.107659999999999867e-01
3.078480000000000105e-01
3.049279999999999768e-01
3.020050000000000234e-01
2.990789999999999837e-01
2.961500000000000243e-01
2.932179999999999787e-01
2.902839999999999865e-01
2.873459999999999903e-01
2.844059999999999921e-01
2.814639999999999920e-01
2.785190000000000166e-01
2.755710000000000104e-01
2.726199999999999735e-01
2.696669999999999900e-01
2.667120000000000046e-01
2.637539999999999885e-01
2.607929999999999970e-01
2.578300000000000036e-01
2.548650000000000082e-01
2.518969999999999820e-01
2.489270000000000094e-01
2.459540000000000060e-01
2.429790000000000005e-01
2.400019999999999931e-01
2.370230000000000115e-01
2.340409999999999990e-01
2.310570000000000124e-01
2.280709999999999960e-01
2.250830000000000053e-01
2.220930000000000126e-01
2.190999999999999892e-01
2.161059999999999925e-01
2.131089999999999929e-01
2.101109999999999922e-01
2.071109999999999896e-01
2.041080000000000116e-01
2.011040000000000050e-01
1.980979999999999963e-01
1.950900000000000134e-01
1.920800000000000007e-01
1.890680000000000138e-01
1.860539999999999972e-01
1.830390000000000073e-01
1.800219999999999876e-01
1.770039999999999947e-01
1.739829999999999988e-01
1.709610000000000019e-01
1.679380000000000039e-01
1.649120000000000030e-01
1.618860000000000021e-01
1.588579999999999992e-01
1.558279999999999943e-01
1.527969999999999884e-01
1.497640000000000082e-01
1.467299999999999993e-01
1.436939999999999884e-01
1.406580000000000052e-01
1.376199999999999923e-01
1.345800000000000052e-01
1.315399999999999903e-01
1.284980000000000011e-01
1.254540000000000100e-01
1.224100000000000049e-01
1.193649999999999989e-01
1.163180000000000047e-01
1.132709999999999967e-01
1.102220000000000005e-01
1.071720000000000034e-01
1.041210000000000052e-01
1.010690000000000061e-01
9.801700000000000690e-02
9.496300000000000574e-02
9.190900000000000458e-02
8.885300000000000142e-02
8.579699999999999827e-02
8.273999999999999411e-02
7.968200000000000283e-02
7.662399999999999767e-02
7.356400000000000439e-02
7.050399999999999723e-02
6.744400000000000395e-02
6.438199999999999479e-02
6.131999999999999951e-02
5.825799999999999729e-02
5.519500000000000101e-02
5.213099999999999679e-02
4.906699999999999950e-02
4.600300000000000222e-02
4.293799999999999700e-02
3.987299999999999872e-02
3.680699999999999944e-02
3.374100000000000016e-02
3.067500000000000088e-02
2.760800000000000060e-02
2.454100000000000031e-02
2.147400000000000003e-02
1.840699999999999975e-02
1.533900000000000020e-02
1.227100000000000066e-02
9.204000000000000375e-03
6.135999999999999961e-03
3.067999999999999981e-03
0.000000000000000000e+00
-3.067999999999999981e-03
-6.135999999999999961e-03
-9.204000000000000375e-03
-1.227100000000000066e-02
-1.533900000000000020e-02
-1.840699999999999975e-02
-2.147400000000000003e-02
-2.454100000000000031e-02
-2.760800000000000060e-02
-3.067500000000000088e-02
-3.374100000000000016e-02
-3.680699999999999944e-02
-3.987299999999999872e-02
-4.293799999999999700e-02
-4.600300000000000222e-02
-4.906699999999999950e-02
-5.213099999999999679e-02
-5.519500000000000101e-02
-5.825799999999999729e-02
-6.131999999999999951e-02
-6.438199999999999479e-02
-6.744400000000000395e-02
-7.050399999999999723e-02
-7.356400000000000439e-02
-7.662399999999999767e-02
-7.968200000000000283e-02
-8.273999999999999411e-02
-8.579699999999999827e-02
-8.885300000000000142e-02
-9.190900000000000458e-02
-9.496300000000000574e-02
-9.801700000000000690e-02
-1.010690000000000061e-01
-1.041210000000000052e-01
-1.071720000000000034e-01
-1.102220000000000005e-01
-1.132709999999999967e-01
-1.163180000000000047e-01
-1.193649999999999989e-01
-1.224100000000000049e-01
-1.254540000000000100e-01
-1.284980000000000011e-01
-1.315399999999999903e-01
-1.345800000000000052e-01
-1.376199999999999923e-01
-1.406580000000000052e-01
-1.436939999999999884e-01
-1.467299999999999993e-01
-1.497640000000000082e-01
-1.527969999999999884e-01
-1.558279999999999943e-01
-1.588579999999999992e-01
-1.618860000000000021e-01
-1.649120000000000030e-01
-1.679380000000000039e-01
-1.709610000000000019e-01
-1.739829999999999988e-01
-1.770039999999999947e-01
-1.800219999999999876e-01
-1.830390000000000073e-01
-1.860539999999999972e-01
-1.890680000000000138e-01
-1.920800000000000007e-01
-1.950900000000000134e-01
-1.980979999999999963e-01
-2.011040000000000050e-01
-2.041080000000000116e-01
-2.071109999999999896e-01
-2.101109999999999922e-01
-2.131089999999999929e-01
-2.161059999999999925e-01
-2.190999999999999892e-01
-2.220930000000000126e-01
-2.250830000000000053e-01
-2.280709999999999960e-01
-2.310570000000000124e-01
-2.340409999999999990e-01
-2.370230000000000115e-01
-2.400019999999999931e-01
-2.429790000000000005e-01
-2.459540000000000060e-01
-2.489270000000000094e-01
-2.518969999999999820e-01
-2.548650000000000082e-01
-2.578300000000000036e-01
-2.607929999999999970e-01
-2.637539999999999885e-01
-2.667120000000000046e-01
-2.696669999999999900e-01
-2.726199999999999735e-01
-2.755710000000000104e-01
-2.785190000000000166e-01
-2.814639999999999920e-01
-2.844059999999999921e-01
-2.873459999999999903e-01
-2.902839999999999865e-01
-2.932179999999999787e-01
-2.961500000000000243e-01
-2.990789999999999837e-01
-3.020050000000000234e-01
-3.049279999999999768e-01
-3.078480000000000105e-01
-3.107659999999999867e-01
-3.136809999999999876e-01
-3.165919999999999845e-01
-3.195009999999999795e-01
-3.224060000000000259e-01
-3.253090000000000148e-01
-3.282089999999999730e-01
-3.311049999999999827e-01
-3.339980000000000171e-01
-3.368889999999999940e-01
-3.397760000000000224e-01
-3.426589999999999914e-01
-3.455400000000000138e-01
-3.484169999999999767e-01
-3.512910000000000199e-01
-3.541619999999999768e-01
-3.570300000000000140e-01
-3.598939999999999917e-01
-3.627540000000000209e-01
-3.656119999999999925e-01
-3.684649999999999870e-01
-3.713159999999999794e-01
-3.741630000000000233e-01
-3.770060000000000078e-01
-3.798460000000000170e-01
-3.826820000000000221e-01
-3.855149999999999966e-01
-3.883440000000000225e-01
-3.911689999999999889e-01
-3.939900000000000069e-01
-3.968079999999999941e-01
-3.996230000000000060e-01
-4.024329999999999852e-01
-4.052399999999999891e-01
-4.080429999999999890e-01
-4.108419999999999850e-01
-4.136369999999999769e-01
-4.164280000000000204e-01
-4.192150000000000043e-01
-4.219990000000000130e-01
-4.247779999999999889e-01
-4.275530000000000164e-01
-4.303250000000000131e-01
-4.330919999999999770e-01
-4.358549999999999924e-01
-4.386149999999999771e-01
-4.413699999999999846e-01
-4.441200000000000148e-01
-4.468670000000000142e-01
-4.496100000000000096e-01
-4.523479999999999723e-01
-4.550819999999999865e-01
-4.578110000000000235e-01
-4.605369999999999742e-01
-4.632580000000000031e-01
-4.659749999999999726e-01
-4.686870000000000203e-01
-4.713950000000000085e-01
-4.740980000000000194e-01
-4.767970000000000264e-01
-4.794919999999999738e-01
-4.821819999999999995e-01
-4.848669999999999924e-01
-4.875479999999999814e-01
-4.902250000000000218e-01
-4.928960000000000008e-01
-4.955629999999999757e-01
-4.982260000000000022e-01
-5.008829999999999671e-01
-5.035359999999999836e-01
-5.061849999999999961e-01
-5.088279999999999470e-01
-5.114670000000000050e-01
-5.141010000000000302e-01
-5.167300000000000226e-01
-5.193539999999999823e-01
-5.219730000000000203e-01
-5.245880000000000543e-01
-5.271970000000000267e-01
-5.298019999999999952e-01
-5.324010000000000131e-01
-5.349960000000000271e-01
-5.375849999999999795e-01
-5.401690000000000103e-01
-5.427490000000000370e-01
-5.453230000000000022e-01
-5.478920000000000456e-01
-5.504559999999999453e-01
-5.530150000000000343e-01
-5.555679999999999508e-01
-5.581159999999999455e-01
-5.606590000000000185e-01
-5.631969999999999477e-01
-5.657299999999999551e-01
-5.682570000000000121e-01
-5.707780000000000076e-01
-5.732949999999999990e-01
-5.758060000000000400e-01
-5.783120000000000482e-01
-5.808119999999999949e-01
-5.833059999999999912e-01
-5.857959999999999834e-01
-5.882789999999999964e-01
-5.907569999999999766e-01
-5.932300000000000351e-01
-5.956970000000000320e-01
-5.981579999999999675e-01
-6.006139999999999812e-01
-6.030640000000000445e-01
-6.055089999999999639e-01
-6.079470000000000152e-01
-6.103800000000000336e-01
-6.128080000000000194e-01
-6.152290000000000258e-01
-6.176449999999999996e-01
-6.200550000000000228e-01
-6.224589999999999845e-01
-6.248569999999999958e-01
-6.272489999999999455e-01
-6.296359999999999735e-01
-6.320160000000000222e-01
-6.343910000000000382e-01
-6.367589999999999639e-01
-6.391219999999999679e-01
-6.414779999999999927e-01
-6.438289999999999846e-01
-6.461729999999999974e-01
-6.485119999999999774e-01
-6.508439999999999781e-01
-6.531700000000000284e-01
-6.554900000000000171e-01
-6.578040000000000553e-01
-6.601120000000000321e-01
-6.624130000000000296e-01
-6.647079999999999655e-01
-6.669969999999999510e-01
-6.692799999999999860e-01
-6.715560000000000418e-01
-6.738260000000000360e-01
-6.760899999999999688e-01
-6.783470000000000333e-01
-6.805980000000000363e-01
-6.828429999999999778e-01
-6.850810000000000510e-01
-6.873129999999999518e-01
-6.895379999999999843e-01
-6.917569999999999553e-01
-6.939689999999999470e-01
-6.961739999999999595e-01
-6.983730000000000215e-01
-7.005660000000000220e-01
-7.027520000000000433e-01
-7.049309999999999743e-01
-7.071039999999999548e-01
-7.092699999999999561e-01
-7.114289999999999781e-01
-7.135820000000000496e-01
-7.157280000000000308e-01
-7.178670000000000329e-01
-7.199999999999999734e-01
-7.221250000000000169e-01
-7.242439999999999989e-01
-7.263560000000000016e-01
-7.284620000000000539e-01
-7.305599999999999872e-01
-7.326510000000000522e-01
-7.347359999999999447e-01
-7.368139999999999690e-01
-7.388839999999999852e-01
-7.409480000000000510e-01
-7.430050000000000265e-01
-7.450550000000000228e-01
-7.470980000000000398e-01
-7.491330000000000489e-01
-7.511619999999999964e-01
-7.531839999999999646e-01
-7.551980000000000359e-01
-7.572060000000000457e-01
-7.592060000000000475e-01
-7.611989999999999590e-01
-7.631850000000000023e-01
-7.651639999999999553e-01
-7.671360000000000401e-01
-7.691000000000000059e-01
-7.710569999999999924e-01
-7.730069999999999997e-01
-7.749500000000000277e-01
-7.768850000000000477e-01
-7.788129999999999775e-01
-7.807340000000000391e-01
-7.826480000000000103e-01
-7.845539999999999736e-01
-7.864520000000000399e-01
-7.883430000000000160e-01
-7.902270000000000127e-01
-7.921030000000000015e-01
-7.939720000000000111e-01
-7.958340000000000414e-01
-7.976879999999999526e-01
-7.995339999999999669e-01
-8.013730000000000020e-01
-8.032040000000000290e-01
-8.050279999999999658e-01
-8.068440000000000056e-01
-8.086529999999999552e-01
-8.104540000000000077e-01
-8.122470000000000523e-01
-8.140330000000000066e-01
-8.158109999999999529e-01
-8.175820000000000309e-01
-8.193439999999999612e-01
-8.210990000000000233e-01
-8.228469999999999951e-01
-8.245860000000000412e-01
-8.263179999999999970e-01
-8.280419999999999447e-01
-8.297579999999999956e-01
-8.314660000000000384e-01
-8.331669999999999909e-01
-8.348600000000000465e-01
-8.365439999999999543e-01
-8.382209999999999939e-01
-8.398900000000000254e-01
-8.415519999999999667e-01
-8.432049999999999823e-01
-8.448499999999999899e-01
-8.464880000000000182e-01
-8.481170000000000098e-01
-8.497379999999999933e-01
-8.513519999999999976e-01
-8.529569999999999652e-01
-8.545549999999999535e-01
-8.561440000000000161e-01
-8.577249999999999597e-01
-8.592980000000000063e-01
-8.608639999999999626e-01
-8.624209999999999932e-01
-8.639689999999999870e-01
-8.655100000000000016e-01
-8.670430000000000081e-01
-8.685669999999999780e-01
-8.700839999999999685e-01
-8.715920000000000334e-01
-8.730919999999999792e-01
-8.745829999999999993e-01
-8.760670000000000401e-01
-8.775420000000000442e-01
-8.790090000000000403e-01
-8.804669999999999996e-01
-8.819179999999999797e-01
-8.833600000000000341e-01
-8.847939999999999694e-01
-8.862189999999999790e-01
-8.876359999999999806e-01
-8.890449999999999742e-01
-8.904450000000000420e-01
-8.918369999999999909e-01
-8.932210000000000427e-01
-8.945959999999999468e-01
-8.959629999999999539e-01
-8.973210000000000353e-01
-8.986709999999999976e-01
-9.000120000000000342e-01
-9.013449999999999518e-01
-9.026699999999999724e-01
-9.039859999999999562e-01
-9.052930000000000144e-01
-9.065919999999999535e-01
-9.078829999999999956e-01
-9.091639999999999722e-01
-9.104379999999999695e-01
-9.117020000000000124e-01
-9.129589999999999650e-01
-9.142059999999999631e-01
-9.154449999999999532e-01
-9.166750000000000176e-01
-9.178969999999999629e-01
-9.191099999999999826e-01
-9.203149999999999942e-01
-9.215100000000000513e-01
-9.226969999999999894e-01
-9.238760000000000305e-01
-9.250460000000000349e-01
-9.262070000000000025e-01
-9.273590000000000444e-01
-9.285020000000000495e-01
-9.296370000000000466e-01
-9.307630000000000070e-01
-9.318809999999999594e-01
-9.329889999999999572e-01
-9.340889999999999471e-01
-9.351800000000000113e-01
-9.362620000000000386e-01
-9.373350000000000293e-01
-9.384000000000000119e-01
-9.394559999999999578e-01
-9.405019999999999492e-01
-9.415400000000000436e-01
-9.425689999999999902e-01
-9.435900000000000398e-01
-9.446010000000000240e-01
-9.456040000000000001e-01
-9.465970000000000217e-01
-9.475820000000000354e-01
-9.485580000000000123e-01
-9.495240000000000347e-01
-9.504820000000000491e-01
-9.514310000000000267e-01
-9.523709999999999676e-01
-9.533019999999999827e-01
-9.542239999999999611e-01
-9.551370000000000138e-01
-9.560410000000000297e-01
-9.569370000000000376e-01
-9.578229999999999800e-01
-9.586999999999999966e-01
-9.595679999999999765e-01
-9.604270000000000307e-01
-9.612770000000000481e-01
-9.621180000000000287e-01
-9.629490000000000549e-01
-9.637719999999999620e-01
-9.645860000000000545e-01
-9.653909999999999991e-01
-9.661859999999999893e-01
-9.669729999999999714e-01
-9.677499999999999991e-01
-9.685179999999999900e-01
-9.692770000000000552e-01
-9.700269999999999726e-01
-9.707679999999999643e-01
-9.715000000000000302e-01
-9.722229999999999484e-01
-9.729360000000000230e-01
-9.736399999999999499e-01
-9.743359999999999799e-01
-9.750220000000000553e-01
-9.756979999999999542e-01
-9.763659999999999561e-01
-9.770240000000000036e-01
-9.776740000000000430e-01
-9.783140000000000169e-01
-9.789440000000000364e-01
-9.795660000000000478e-01
-9.801779999999999937e-01
-9.807810000000000139e-01
-9.813749999999999973e-01
-9.819600000000000550e-01
-9.825350000000000472e-01
-9.831020000000000314e-01
-9.836589999999999501e-01
-9.842060000000000253e-01
-9.847449999999999815e-01
-9.852739999999999831e-01
-9.857939999999999481e-01
-9.863039999999999585e-01
-9.868059999999999610e-01
-9.872980000000000089e-01
-9.877799999999999914e-01
-9.882539999999999658e-01
-9.887179999999999858e-01
-9.891729999999999690e-01
-9.896179999999999977e-01
-9.900539999999999896e-01
-9.904809999999999448e-01
-9.908989999999999743e-01
-9.913070000000000492e-01
-9.917059999999999764e-01
-9.920949999999999491e-01
-9.924760000000000248e-01
-9.928470000000000351e-01
-9.932079999999999798e-01
-9.935599999999999987e-01
-9.939029999999999809e-01
-9.942370000000000374e-01
-9.945610000000000284e-01
-9.948749999999999538e-01
-9.951809999999999823e-01
-9.954769999999999452e-01
-9.957629999999999537e-01
-9.960409999999999542e-01
-9.963090000000000002e-01
-9.965669999999999806e-01
-9.968160000000000354e-01
-9.970560000000000533e-01
-9.972870000000000346e-01
-9.975079999999999503e-01
-9.977190000000000225e-01
-9.979209999999999470e-01
-9.981139999999999457e-01
-9.982980000000000187e-01
-9.984720000000000262e-01
-9.986359999999999681e-01
-9.987920000000000131e-01
-9.989369999999999639e-01
-9.990740000000000176e-01
-9.992010000000000058e-01
-9.993180000000000396e-01
-9.994269999999999543e-01
-9.995249999999999968e-01
-9.996150000000000313e-01
-9.996950000000000003e-01
-9.997650000000000148e-01
-9.998270000000000213e-01
-9.998780000000000445e-01
-9.999209999999999487e-01
-9.999540000000000095e-01
-9.999770000000000048e-01
-9.999909999999999632e-01
-9.999959999999999960e-01
-9.999909999999999632e-01
-9.999770000000000048e-01
-9.999540000000000095e-01
-9.999209999999999487e-01
-9.998780000000000445e-01
-9.998270000000000213e-01
-9.997650000000000148e-01
-9.996950000000000003e-01
-9.996150000000000313e-01
-9.995249999999999968e-01
-9.994269999999999543e-01
-9.993180000000000396e-01
-9.992010000000000058e-01
-9.990740000000000176e-01
-9.989369999999999639e-01
-9.987920000000000131e-01
-9.986359999999999681e-01
-9.984720000000000262e-01
-9.982980000000000187e-01
-9.981139999999999457e-01
-9.979209999999999470e-01
-9.977190000000000225e-01
-9.975079999999999503e-01
-9.972870000000000346e-01
-9.970560000000000533e-01
-9.968160000000000354e-01
-9.965669999999999806e-01
-9.963090000000000002e-01
-9.960409999999999542e-01
-9.957629999999999537e-01
-9.954769999999999452e-01
-9.951809999999999823e-01
-9.948749999999999538e-01
-9.945610000000000284e-01
-9.942370000000000374e-01
-9.939029999999999809e-01
-9.935599999999999987e-01
-9.932079999999999798e-01
-9.928470000000000351e-01
-9.924760000000000248e-01
-9.920949999999999491e-01
-9.917059999999999764e-01
-9.913070000000000492e-01
-9.908989999999999743e-01
-9.904809999999999448e-01
-9.900539999999999896e-01
-9.896179999999999977e-01
-9.891729999999999690e-01
-9.887179999999999858e-01
-9.882539999999999658e-01
-9.877799999999999914e-01
-9.872980000000000089e-01
-9.868059999999999610e-01
-9.863039999999999585e-01
-9.857939999999999481e-01
-9.852739999999999831e-01
-9.847449999999999815e-01
-9.842060000000000253e-01
-9.836589999999999501e-01
-9.831020000000000314e-01
-9.825350000000000472e-01
-9.819600000000000550e-01
-9.813749999999999973e-01
-9.807810000000000139e-01
-9.801779999999999937e-01
-9.795660000000000478e-01
-9.789440000000000364e-01
-9.783140000000000169e-01
-9.776740000000000430e-01
-9.770240000000000036e-01
-9.763659999999999561e-01
-9.756979999999999542e-01
-9.750220000000000553e-01
-9.743359999999999799e-01
-9.736399999999999499e-01
-9.729360000000000230e-01
-9.722229999999999484e-01
-9.715000000000000302e-01
-9.707679999999999643e-01
-9.700269999999999726e-01
-9.692770000000000552e-01
-9.685179999999999900e-01
-9.677499999999999991e-01
-9.669729999999999714e-01
-9.661859999999999893e-01
-9.653909999999999991e-01
-9.645860000000000545e-01
-9.637719999999999620e-01
-9.629490000000000549e-01
-9.621180000000000287e-01
-9.612770000000000481e-01
-9.604270000000000307e-01
-9.595679999999999765e-01
-9.586999999999999966e-01
-9.578229999999999800e-01
-9.569370000000000376e-01
-9.560410000000000297e-01
-9.551370000000000138e-01
-9.542239999999999611e-01
-9.533019999999999827e-01
-9.523709999999999676e-01
-9.514310000000000267e-01
-9.504820000000000491e-01
-9.495240000000000347e-01
-9.485580000000000123e-01
-9.475820000000000354e-01
-9.465970000000000217e-01
-9.456040000000000001e-01
-9.446010000000000240e-01
-9.435900000000000398e-01
-9.425689999999999902e-01
-9.415400000000000436e-01
-9.405019999999999492e-01
-9.394559999999999578e-01
-9.384000000000000119e-01
-9.373350000000000293e-01
-9.362620000000000386e-01
-9.351800000000000113e-01
-9.340889999999999471e-01
-9.329889999999999572e-01
-9.318809999999999594e-01
-9.307630000000000070e-01
-9.296370000000000466e-01
-9.285020000000000495e-01
-9.273590000000000444e-01
-9.262070000000000025e-01
-9.250460000000000349e-01
-9.238760000000000305e-01
-9.226969999999999894e-01
-9.215100000000000513e-01
-9.203149999999999942e-01
-9.191099999999999826e-01
-9.178969999999999629e-01
-9.166750000000000176e-01
-9.154449999999999532e-01
-9.142059999999999631e-01
-9.129589999999999650e-01
-9.117020000000000124e-01
-9.104379999999999695e-01
-9.091639999999999722e-01
-9.078829999999999956e-01
-9.065919999999999535e-01
-9.052930000000000144e-01
-9.039859999999999562e-01
-9.026699999999999724e-01
-9.013449999999999518e-01
-9.000120000000000342e-01
-8.986709999999999976e-01
-8.973210000000000353e-01
-8.959629999999999539e-01
-8.945959999999999468e-01
-8.932210000000000427e-01
-8.918369999999999909e-01
-8.904450000000000420e-01
-8.890449999999999742e-01
-8.876359999999999806e-01
-8.862189999999999790e-01
-8.847939999999999694e-01
-8.833600000000000341e-01
-8.819179999999999797e-01
-8.804669999999999996e-01
-8.790090000000000403e-01
-8.775420000000000442e-01
-8.760670000000000401e-01
-8.745829999999999993e-01
-8.730919999999999792e-01
-8.715920000000000334e-01
-8.700839999999999685e-01
-8.685669999999999780e-01
-8.670430000000000081e-01
-8.655100000000000016e-01
-8.639689999999999870e-01
-8.624209999999999932e-01
-8.608639999999999626e-01
-8.592980000000000063e-01
-8.577249999999999597e-01
-8.561440000000000161e-01
-8.545549999999999535e-01
-8.529569999999999652e-01
-8.513519999999999976e-01
-8.497379999999999933e-01
-8.481170000000000098e-01
-8.464880000000000182e-01
-8.448499999999999899e-01
-8.432049999999999823e-01
-8.415519999999999667e-01
-8.398900000000000254e-01
-8.382209999999999939e-01
-8.365439999999999543e-01
-8.348600000000000465e-01
-8.331669999999999909e-01
-8.314660000000000384e-01
-8.297579999999999956e-01
-8.280419999999999447e-01
-8.263179999999999970e-01
-8.245860000000000412e-01
-8.228469999999999951e-01
-8.210990000000000233e-01
-8.193439999999999612e-01
-8.175820000000000309e-01
-8.158109999999999529e-01
-8.140330000000000066e-01
-8.122470000000000523e-01
-8.104540000000000077e-01
-8.086529999999999552e-01
-8.068440000000000056e-01
-8.050279999999999658e-01
-8.032040000000000290e-01
-8.013730000000000020e-01
-7.995339999999999669e-01
-7.976879999999999526e-01
-7.958340000000000414e-01
-7.939720000000000111e-01
-7.921030000000000015e-01
-7.902270000000000127e-01
-7.883430000000000160e-01
-7.864520000000000399e-01
-7.845539999999999736e-01
-7.826480000000000103e-01
-7.807340000000000391e-01
-7.788129999999999775e-01
-7.768850000000000477e-01
-7.749500000000000277e-01
-7.730069999999999997e-01
-7.710569999999999924e-01
-7.691000000000000059e-01
-7.671360000000000401e-01
-7.651639999999999553e-01
-7.631850000000000023e-01
-7.611989999999999590e-01
-7.592060000000000475e-01
-7.572060000000000457e-01
-7.551980000000000359e-01
-7.531839999999999646e-01
-7.511619999999999964e-01
-7.491330000000000489e-01
-7.470980000000000398e-01
-7.450550000000000228e-01
-7.430050000000000265e-01
-7.409480000000000510e-01
-7.388839999999999852e-01
-7.368139999999999690e-01
-7.347359999999999447e-01
-7.326510000000000522e-01
-7.305599999999999872e-01
-7.284620000000000539e-01
-7.263560000000000016e-01
-7.242439999999999989e-01
-7.221250000000000169e-01
-7.199999999999999734e-01
-7.178670000000000329e-01
-7.157280000000000308e-01
-7.135820000000000496e-01
-7.114289999999999781e-01
-7.092699999999999561e-01
-7.071039999999999548e-01
-7.049309999999999743e-01
-7.027520000000000433e-01
-7.005660000000000220e-01
-6.983730000000000215e-01
-6.961739999999999595e-01
-6.939689999999999470e-01
-6.917569999999999553e-01
-6.895379999999999843e-01
-6.873129999999999518e-01
-6.850810000000000510e-01
-6.828429999999999778e-01
-6.805980000000000363e-01
-6.783470000000000333e-01
-6.760899999999999688e-01
-6.738260000000000360e-01
-6.715560000000000418e-01
-6.692799999999999860e-01
-6.669969999999999510e-01
-6.647079999999999655e-01
-6.624130000000000296e-01
-6.601120000000000321e-01
-6.578040000000000553e-01
-6.554900000000000171e-01
-6.531700000000000284e-01
-6.508439999999999781e-01
-6.485119999999999774e-01
-6.461729999999999974e-01
-6.438289999999999846e-01
-6.414779999999999927e-01
-6.391219999999999679e-01
-6.367589999999999639e-01
-6.343910000000000382e-01
-6.320160000000000222e-01
-6.296359999999999735e-01
-6.272489999999999455e-01
-6.248569999999999958e-01
-6.224589999999999845e-01
-6.200550000000000228e-01
-6.176449999999999996e-01
-6.152290000000000258e-01
-6.128080000000000194e-01
-6.103800000000000336e-01
-6.079470000000000152e-01
-6.055089999999999639e-01
-6.030640000000000445e-01
-6.006139999999999812e-01
-5.981579999999999675e-01
-5.956970000000000320e-01
-5.932300000000000351e-01
-5.907569999999999766e-01
-5.882789999999999964e-01
-5.857959999999999834e-01
-5.833059999999999912e-01
-5.808119999999999949e-01
-5.783120000000000482e-01
-5.758060000000000400e-01
-5.732949999999999990e-01
-5.707780000000000076e-01
-5.682570000000000121e-01
-5.657299999999999551e-01
-5.631969999999999477e-01
-5.606590000000000185e-01
-5.581159999999999455e-01
-5.555679999999999508e-01
-5.530150000000000343e-01
-5.504559999999999453e-01
-5.478920000000000456e-01
-5.453230000000000022e-01
-5.427490000000000370e-01
-5.401690000000000103e-01
-5.375849999999999795e-01
-5.349960000000000271e-01
-5.324010000000000131e-01
-5.298019999999999952e-01
-5.271970000000000267e-01
-5.245880000000000543e-01
-5.219730000000000203e-01
-5.193539999999999823e-01
-5.167300000000000226e-01
-5.141010000000000302e-01
-5.114670000000000050e-01
-5.088279999999999470e-01
-5.061849999999999961e-01
-5.035359999999999836e-01
-5.008829999999999671e-01
-4.982260000000000022e-01
-4.955629999999999757e-01
-4.928960000000000008e-01
-4.902250000000000218e-01
-4.875479999999999814e-01
-4.848669999999999924e-01
-4.821819999999999995e-01
-4.794919999999999738e-01
-4.767970000000000264e-01
-4.740980000000000194e-01
-4.713950000000000085e-01
-4.686870000000000203e-01
-4.659749999999999726e-01
-4.632580000000000031e-01
-4.605369999999999742e-01
-4.578110000000000235e-01
-4.550819999999999865e-01
-4.523479999999999723e-01
-4.496100000000000096e-01
-4.468670000000000142e-01
-4.441200000000000148e-01
-4.413699999999999846e-01
-4.386149999999999771e-01
-4.358549999999999924e-01
-4.330919999999999770e-01
-4.303250000000000131e-01
-4.275530000000000164e-01
-4.247779999999999889e-01
-4.219990000000000130e-01
-4.192150000000000043e-01
-4.164280000000000204e-01
-4.136369999999999769e-01
-4.108419999999999850e-01
-4.080429999999999890e-01
-4.052399999999999891e-01
-4.024329999999999852e-01
-3.996230000000000060e-01
-3.968079999999999941e-01
-3.939900000000000069e-01
-3.911689999999999889e-01
-3.883440000000000225e-01
-3.855149999999999966e-01
-3.826820000000000221e-01
-3.798460000000000170e-01
-3.770060000000000078e-01
-3.741630000000000233e-01
-3.713159999999999794e-01
-3.684649999999999870e-01
-3.656119999999999925e-01
-3.627540000000000209e-01
-3.598939999999999917e-01
-3.570300000000000140e-01
-3.541619999999999768e-01
-3.512910000000000199e-01
-3.484169999999999767e-01
-3.455400000000000138e-01
-3.426589999999999914e-01
-3.397760000000000224e-01
-3.368889999999999940e-01
-3.339980000000000171e-01
-3.311049999999999827e-01
-3.282089999999999730e-01
-3.253090000000000148e-01
-3.224060000000000259e-01
-3.195009999999999795e-01
-3.165919999999999845e-01
-3.136809999999999876e-01
-3.107659999999999867e-01
-3.078480000000000105e-01
-3.049279999999999768e-01
-3.020050000000000234e-01
-2.990789999999999837e-01
-2.961500000000000243e-01
-2.932179999999999787e-01
-2.902839999999999865e-01
-2.873459999999999903e-01
-2.844059999999999921e-01
-2.814639999999999920e-01
-2.785190000000000166e-01
-2.755710000000000104e-01
-2.726199999999999735e-01
-2.696669999999999900e-01
-2.667120000000000046e-01
-2.637539999999999885e-01
-2.607929999999999970e-01
-2.578300000000000036e-01
-2.548650000000000082e-01
-2.518969999999999820e-01
-2.489270000000000094e-01
-2.459540000000000060e-01
-2.429790000000000005e-01
-2.400019999999999931e-01
-2.370230000000000115e-01
-2.340409999999999990e-01
-2.310570000000000124e-01
-2.280709999999999960e-01
-2.250830000000000053e-01
-2.220930000000000126e-01
-2.190999999999999892e-01
-2.161059999999999925e-01
-2.131089999999999929e-01
-2.101109999999999922e-01
-2.071109999999999896e-01
-2.041080000000000116e-01
-2.011040000000000050e-01
-1.980979999999999963e-01
-1.950900000000000134e-01
-1.920800000000000007e-01
-1.890680000000000138e-01
-1.860539999999999972e-01
-1.830390000000000073e-01
-1.800219999999999876e-01
-1.770039999999999947e-01
-1.739829999999999988e-01
-1.709610000000000019e-01
-1.679380000000000039e-01
-1.649120000000000030e-01
-1.618860000000000021e-01
-1.588579999999999992e-01
-1.558279999999999943e-01
-1.527969999999999884e-01
-1.497640000000000082e-01
-1.467299999999999993e-01
-1.436939999999999884e-01
-1.406580000000000052e-01
-1.376199999999999923e-01
-1.345800000000000052e-01
-1.315399999999999903e-01
-1.284980000000000011e-01
-1.254540000000000100e-01
-1.224100000000000049e-01
-1.193649999999999989e-01
-1.163180000000000047e-01
-1.132709999999999967e-01
-1.102220000000000005e-01
-1.071720000000000034e-01
-1.041210000000000052e-01
-1.010690000000000061e-01
-9.801700000000000690e-02
-9.496300000000000574e-02
-9.190900000000000458e-02
-8.885300000000000142e-02
-8.579699999999999827e-02
-8.273999999999999411e-02
-7.968200000000000283e-02
-7.662399999999999767e-02
-7.356400000000000439e-02
-7.050399999999999723e-02
-6.744400000000000395e-02
-6.438199999999999479e-02
-6.131999999999999951e-02
-5.825799999999999729e-02
-5.519500000000000101e-02
-5.213099999999999679e-02
-4.906699999999999950e-02
-4.600300000000000222e-02
-4.293799999999999700e-02
-3.987299999999999872e-02
-3.680699999999999944e-02
-3.374100000000000016e-02
-3.067500000000000088e-02
-2.760800000000000060e-02
-2.454100000000000031e-02
-2.147400000000000003e-02
-1.840699999999999975e-02
-1.533900000000000020e-02
-1.227100000000000066e-02
-9.204000000000000375e-03
-6.135999999999999961e-03
-3.067999999999999981e-03
