0.557077
0.554879
0.552304
0.551231
0.544822
0.546578
0.545853
0.545204
0.550920
0.550189
0.544890
0.547974
0.547276
0.542728
0.544865
0.545283
0.545677
0.545221
0.544686
0.544840
0.548346
0.542431
0.543941
0.543888
0.542081
0.543602
0.542203
0.542550
0.542196
0.544462
0.542916
0.543531
0.545238
0.547567
0.548994
0.554218
0.552237
0.552953
0.552321
0.553473
0.553632
0.543268
0.548144
0.547318
0.554183
0.550067
0.544791
0.547167
0.544731
0.543517
0.549813
0.547136
0.545334
0.547462
0.546794
0.546206
0.547465
0.554593
0.552073
0.550772
0.547703
0.550030
0.547601
0.547520
0.549893
0.546375
0.545646
0.546302
0.547825
0.552538
0.554752
0.553263
0.551396
0.552068
0.550557
0.553025
0.552372
0.552284
0.552556
0.554360
0.552771
0.553366
0.552475
0.553639
0.550967
0.550182
0.549677
0.552422
0.553188
0.549070
0.554094
0.549888
0.548507
0.549609
0.554617
0.549431
0.546991
0.544138
0.544589
0.550353
