0.539815
0.528316
0.528683
0.526433
0.528805
0.528534
0.525680
0.527371
0.527827
0.526932
0.526186
0.526346
0.527756
0.527889
0.527621
0.527361
0.526429
0.524373
0.526152
0.527469
0.525389
0.526543
0.525127
0.527184
0.526461
0.526921
0.527110
0.526171
0.525610
0.526893
0.524495
0.526898
0.525525
0.525592
0.525662
0.526428
0.526155
0.527156
0.526943
0.527468
0.526907
0.527643
0.526820
0.527496
0.528040
0.526060
0.528087
0.526779
0.528397
0.527667
0.527288
0.527410
0.528935
0.527032
0.526846
0.528238
0.527996
0.526807
0.525885
0.526271
0.526215
0.527263
0.527545
0.527376
0.527309
0.525783
0.526656
0.527523
0.528651
0.526538
0.526660
0.528244
0.525296
0.527855
0.528080
0.526105
0.526898
0.525749
0.526721
0.528157
0.527878
0.528440
0.526866
0.528345
0.527821
0.527482
0.526805
0.528105
0.527903
0.527892
0.527718
0.527666
0.528647
0.528965
0.527954
0.527760
0.527295
0.526543
0.527151
0.527291
