0.514897
0.511956
0.513242
0.513966
0.511732
0.513841
0.512701
0.512305
0.512867
0.512946
0.512556
0.512155
0.513628
0.511011
0.511760
0.512624
0.512176
0.512562
0.512186
0.512449
0.511467
0.512304
0.510199
0.513098
0.512665
0.512324
0.513384
0.513220
0.510842
0.513230
0.512502
0.513845
0.514296
0.510800
0.513617
0.513057
0.512006
0.512916
0.512139
0.512477
0.511364
0.511175
0.514363
0.514432
0.512145
0.512877
0.512908
0.512130
0.512652
0.513019
0.511814
0.511890
0.513176
0.511511
0.512290
0.514150
0.512996
0.513729
0.511310
0.512489
0.511572
0.510911
0.511592
0.513889
0.512321
0.512563
0.511072
0.512474
0.512391
0.510889
0.511033
0.511181
0.513831
0.513523
0.512536
0.514330
0.511721
0.511933
0.510582
0.514066
0.512078
0.513541
0.511597
0.512860
0.511079
0.512169
0.513946
0.511907
0.513113
0.514538
0.513921
0.511117
0.512864
0.511483
0.512108
0.512306
0.511987
0.511180
0.512111
0.513353
