0.474445
0.471420
0.472527
0.472709
0.473025
0.472811
0.473014
0.473205
0.472698
0.473373
0.472844
0.472872
0.472685
0.473340
0.473333
0.473132
0.472831
0.473221
0.472819
0.472771
0.473154
0.473347
0.473033
0.472584
0.473187
0.473008
0.473216
0.472557
0.472404
0.473120
0.472606
0.472546
0.472758
0.473029
0.472746
0.473330
0.473549
0.473512
0.472827
0.473233
0.472830
0.473110
0.473541
0.473237
0.472813
0.472646
0.472921
0.473170
0.472965
0.472959
0.472554
0.473222
0.472445
0.472854
0.472668
0.472510
0.472593
0.472423
0.473013
0.473145
0.472924
0.473111
0.472583
0.473107
0.472716
0.473223
0.473205
0.473167
0.472814
0.473131
0.472646
0.472929
0.472836
0.473042
0.473121
0.473229
0.472957
0.473070
0.472252
0.473111
0.473109
0.472903
0.472793
0.472992
0.473389
0.472943
0.472634
0.473344
0.472952
0.472670
0.472579
0.473127
0.473132
0.473417
0.472977
0.472798
0.473675
0.473281
0.472487
0.473688
