0.430985
0.429488
0.431555
0.425398
0.424893
0.424901
0.424054
0.428154
0.430187
0.435617
0.428773
0.429846
0.429842
0.430503
0.433364
0.434376
0.434894
0.429240
0.430071
0.428589
0.429540
0.429155
0.429018
0.428748
0.429115
0.429039
0.429529
0.428533
0.429209
0.429544
0.429818
0.429786
0.429988
0.430147
0.428645
0.429007
0.428498
0.438036
0.446648
0.445576
0.453504
0.447424
0.445001
0.448400
0.443739
0.447750
0.444527
0.447542
0.441635
0.447861
0.444580
0.449716
0.442477
0.446978
0.443187
0.449298
0.438927
0.453226
0.449873
0.447559
0.445965
0.444707
0.443775
0.449679
0.450415
0.453365
0.447430
0.444594
0.448450
0.439936
0.444996
0.448538
0.439439
0.452506
0.444177
0.440060
0.444815
0.447087
0.444585
0.449117
0.443989
0.451427
0.439559
0.449914
0.440167
0.445191
0.449488
0.444533
0.448341
0.451197
0.439823
0.444472
0.448114
0.444683
0.453450
0.443970
0.449616
0.439555
0.443805
0.453061
