0.427846
0.426426
0.426185
0.427110
0.426672
0.425963
0.426453
0.425752
0.426816
0.426531
0.426602
0.426376
0.426958
0.426741
0.427041
0.426342
0.427250
0.426962
0.426810
0.426689
0.426550
0.427244
0.426158
0.426476
0.426333
0.426921
0.426313
0.427424
0.426489
0.426716
0.426801
0.426521
0.427113
0.426860
0.426414
0.426413
0.425952
0.426685
0.426964
0.426581
0.427056
0.427185
0.427238
0.426949
0.426945
0.427317
0.427221
0.425797
0.426786
0.426855
0.426327
0.426192
0.426871
0.427487
0.426546
0.426896
0.427185
0.426464
0.426662
0.426675
0.427141
0.426589
0.427428
0.426482
0.427096
0.426927
0.426728
0.426716
0.426893
0.426671
0.427179
0.427192
0.426868
0.427137
0.427339
0.426639
0.427645
0.426743
0.426947
0.426013
0.426787
0.426915
0.426485
0.427249
0.426527
0.427031
0.426188
0.426672
0.427215
0.426751
0.427219
0.427194
0.426747
0.426659
0.427565
0.426811
0.427517
0.427145
0.427597
0.427117
