0.338810
0.338955
0.339094
0.339041
0.339024
0.338927
0.339034
0.339000
0.339002
0.338971
0.339152
0.338958
0.338891
0.338863
0.338948
0.338935
0.338833
0.338920
0.338874
0.338981
0.338968
0.339106
0.338964
0.338998
0.337902
0.338968
0.338930
0.339115
0.338892
0.338877
0.338923
0.338869
0.338914
0.338874
0.338850
0.338888
0.338815
0.338834
0.339072
0.339220
0.338860
0.338875
0.338911
0.339280
0.338838
0.338838
0.338809
0.339079
0.338971
0.339040
0.338980
0.338785
0.338912
0.338649
0.338879
0.338949
0.338948
0.338994
0.338818
0.339088
0.338968
0.339098
0.338974
0.338855
0.338953
0.338886
0.339162
0.338968
0.339109
0.338914
0.338795
0.339004
0.339102
0.339079
0.339113
0.338984
0.339089
0.339154
0.338838
0.338943
0.338717
0.338869
0.338983
0.338735
0.338628
0.338552
0.338632
0.338600
0.338434
0.338747
0.338606
0.338839
0.338855
0.338559
0.338944
0.338829
0.339040
0.338998
0.338891
0.339057
