0.438495
0.437136
0.437034
0.438015
0.437465
0.438437
0.438149
0.437915
0.437826
0.437403
0.437926
0.437895
0.437705
0.437945
0.438039
0.437813
0.438490
0.438880
0.438741
0.437454
0.438462
0.437640
0.436147
0.436206
0.438138
0.438186
0.437586
0.438225
0.438350
0.438419
0.438329
0.437401
0.436905
0.438337
0.438935
0.438531
0.438420
0.437567
0.437925
0.438388
0.438176
0.437799
0.438175
0.438924
0.438476
0.437646
0.440178
0.437431
0.437492
0.438328
0.438003
0.437071
0.437889
0.436273
0.437338
0.437758
0.437136
0.437615
0.437594
0.437950
0.437174
0.440821
0.438109
0.437700
0.438552
0.437890
0.438392
0.437729
0.437817
0.438865
0.438187
0.437229
0.437854
0.437902
0.437730
0.437578
0.438265
0.437844
0.437565
0.438266
0.437481
0.436144
0.436244
0.437417
0.437615
0.437595
0.439157
0.438168
0.437983
0.438325
0.437093
0.436907
0.438468
0.438157
0.438254
0.438898
0.437814
0.437824
0.438555
0.437897
