0.489596
0.488037
0.487040
0.485003
0.484738
0.483971
0.483072
0.478798
0.476294
0.473300
0.481597
0.486569
0.481969
0.478738
0.484010
0.484278
0.484381
0.484140
0.487067
0.485706
0.484314
0.484909
0.485956
0.486328
0.485218
0.483658
0.475949
0.481810
0.481365
0.483713
0.483240
0.479736
0.478867
0.485920
0.485958
0.486745
0.487788
0.487053
0.486379
0.478920
0.482318
0.481003
0.483744
0.481489
0.486978
0.488037
0.487390
0.479209
0.481402
0.482633
0.484951
0.487208
0.484960
0.489143
0.485872
0.484545
0.487318
0.488944
0.481093
0.478423
0.485119
0.485711
0.485058
0.486410
0.487078
0.483977
0.485130
0.486154
0.483003
0.486112
0.488225
0.496230
0.494055
0.497100
0.495234
0.496364
0.493324
0.488644
0.492898
0.492325
0.495093
0.490781
0.493259
0.493380
0.488952
0.492671
0.489342
0.485404
0.483179
0.484637
0.484457
0.484517
0.484000
0.484626
0.486983
0.489384
0.487294
0.489109
0.485959
0.483482
