0.326338
0.325636
0.327147
0.327353
0.331727
0.326779
0.326393
0.326899
0.327501
0.327365
0.325666
0.326079
0.327427
0.327281
0.327440
0.327487
0.326990
0.327197
0.326188
0.327049
0.327620
0.327181
0.327098
0.327505
0.326974
0.327626
0.327769
0.327430
0.327610
0.328079
0.329834
0.326399
0.325920
0.328884
0.325926
0.326164
0.325913
0.326201
0.325922
0.326214
0.324856
0.325050
0.325730
0.325748
0.325746
0.325899
0.325901
0.325954
0.325871
0.325874
0.325873
0.325854
0.325822
0.325916
0.325944
0.325823
0.325811
0.325759
0.326609
0.325860
0.327399
0.326226
0.325851
0.325780
0.326054
0.325924
0.326091
0.325829
0.325900
0.325885
0.325952
0.325772
0.325863
0.325901
0.325919
0.325921
0.325782
0.326073
0.325780
0.325817
0.325757
0.325779
0.325754
0.325877
0.325831
0.325806
0.325758
0.325930
0.325885
0.325854
0.325876
0.325872
0.325862
0.325914
0.325792
0.325772
0.325777
0.325820
0.325785
0.325778
